0.49105 -0.870703 0.0273402 0.697203 0.871019 0.491248 0.000627138 0.547893 -0.0139769 0.0235059 0.999626 0.78061
0.48929 -0.871724 0.0263339 1.09376 0.872028 0.489456 -0.000161166 1.31079 -0.0127488 0.0230428 0.999653 0.782663
0.487528 -0.87274 0.0253312 1.49022 0.873031 0.487663 -0.00095341 2.0735 -0.011521 0.0225798 0.999679 0.784714
0.485763 -0.873752 0.024332 1.88658 0.87403 0.485869 -0.00174955 2.83602 -0.0102935 0.0221168 0.999702 0.786763
0.483996 -0.874759 0.0233359 2.28304 0.875023 0.484074 -0.00254997 3.59871 -0.00906569 0.0216536 0.999724 0.788811
0.482225 -0.875762 0.0223431 2.67949 0.876012 0.482277 -0.00335446 4.36139 -0.00783787 0.0211904 0.999745 0.790858
0.480565 -0.87665 0.0232866 3.07527 0.876925 0.48061 -0.00401009 5.12105 -0.0076763 0.0223477 0.999721 0.791773
0.478683 -0.87775 0.0204598 3.47218 0.877971 0.478688 -0.00496788 5.88625 -0.0054333 0.0203412 0.999778 0.794892
0.477284 -0.878556 0.0184031 3.8718 0.878745 0.477243 -0.00686302 6.65907 -0.00275319 0.0194472 0.999807 0.79793
0.475569 -0.879562 0.0143053 4.27147 0.879678 0.475521 -0.0068145 7.44398 -0.000808696 0.0158249 0.999874 0.802388
0.474329 -0.880248 0.0132121 4.67853 0.880347 0.474292 -0.00604466 8.23671 -0.000945582 0.0144984 0.999894 0.806657
0.472888 -0.881008 0.0142354 5.0896 0.881119 0.472871 -0.00474069 9.0376 -0.00255493 0.0147849 0.999887 0.811996
0.471519 -0.881732 0.0147828 5.50638 0.881847 0.471523 -0.00340713 9.84257 -0.00396623 0.0146427 0.999885 0.815961
0.470459 -0.882287 0.0154489 5.92246 0.882411 0.47047 -0.00315605 10.6539 -0.00448371 0.0151171 0.999876 0.81831
0.468958 -0.883093 0.0150211 6.34212 0.883212 0.468959 -0.0036732 11.4672 -0.0038005 0.0149894 0.99988 0.820479
0.468012 -0.88358 0.0158237 6.76277 0.883718 0.467989 -0.00541075 12.2835 -0.00262447 0.016516 0.99986 0.822952
0.467262 -0.883958 0.016851 7.18853 0.88411 0.467258 -0.00440531 13.1073 -0.00397967 0.0169566 0.999848 0.825045
0.467129 -0.884019 0.0173616 7.61435 0.884154 0.467196 -0.000274736 13.9396 -0.00786838 0.0154786 0.999849 0.829829
0.467689 -0.8837 0.0184801 8.04365 0.883817 0.467821 0.00335548 14.7741 -0.0116106 0.0147637 0.999824 0.835207
0.468863 -0.88303 0.0206372 8.47803 0.883155 0.469052 0.00525927 15.6112 -0.014324 0.01576 0.999773 0.835764
0.470097 -0.882356 0.021373 8.91401 0.882479 0.470312 0.00615442 16.4511 -0.0154824 0.015968 0.999753 0.832189
0.47122 -0.881788 0.02003 9.3515 0.881917 0.471386 0.00429228 17.2926 -0.0132268 0.0156422 0.99979 0.827389
0.472196 -0.881337 0.0166164 9.79113 0.881456 0.472266 0.000316469 18.1385 -0.0081263 0.0144972 0.999862 0.823964
0.473348 -0.880743 0.0152862 10.2358 0.880864 0.47336 -0.00306271 18.9886 -0.00453841 0.0149148 0.999878 0.822022
0.474016 -0.880337 0.0177972 10.6872 0.880499 0.474035 -0.00340213 19.8459 -0.00544148 0.0172831 0.999836 0.822926
0.47371 -0.880411 0.0217918 11.1422 0.880621 0.473821 -0.000107114 20.7103 -0.0102311 0.0192411 0.999763 0.822931
0.472828 -0.880752 0.026643 11.599 0.881038 0.47304 0.00194493 21.5778 -0.0143162 0.0225539 0.999643 0.822302
0.471953 -0.880993 0.0333507 12.0623 0.881509 0.472164 -0.00172676 22.4407 -0.0142257 0.0302139 0.999442 0.817034
0.470705 -0.881635 0.0340171 12.5199 0.882231 0.470771 -0.00652687 23.3078 -0.01026 0.0330832 0.9994 0.809617
0.469498 -0.882378 0.0313101 12.9732 0.882914 0.469427 -0.0100568 24.1821 -0.0058239 0.0323657 0.999459 0.806397
0.467851 -0.883298 0.0300035 13.4359 0.883797 0.467738 -0.0111058 25.0801 -0.004224 0.0317129 0.999488 0.815982
0.466834 -0.883798 0.0311064 13.919 0.884322 0.466785 -0.0092602 26.0216 -0.00633585 0.0318311 0.999473 0.849316
0.465799 -0.884386 0.0298722 14.3926 0.884841 0.465866 -0.00510241 26.9545 -0.0094039 0.0288088 0.999541 0.874928
0.464629 -0.884993 0.030127 14.8672 0.885444 0.464729 -0.00401181 27.8858 -0.0104505 0.0285398 0.999538 0.898716
0.463646 -0.885495 0.0305236 15.3379 0.885931 0.463814 -0.00173826 28.808 -0.0126181 0.0278478 0.999533 0.913344
0.463423 -0.885526 0.0329029 15.8093 0.885985 0.463712 0.00131853 29.7334 -0.0164251 0.0285404 0.999458 0.927631
0.462932 -0.885929 0.0286987 16.2654 0.886209 0.463255 0.00543462 30.6511 -0.0181095 0.0229172 0.999573 0.931674
0.462953 -0.885937 0.0281228 16.7245 0.886189 0.463282 0.00620278 31.567 -0.0185241 0.0220506 0.999585 0.935298
0.46288 -0.885992 0.0275842 17.1818 0.886261 0.463164 0.00460866 32.4708 -0.0168593 0.0223135 0.999609 0.93341
0.463145 -0.885952 0.0242028 17.632 0.88617 0.463349 0.00327668 33.3724 -0.0141173 0.0199302 0.999702 0.936163
0.462366 -0.886363 0.0240424 18.0854 0.886582 0.462561 0.00300533 34.2668 -0.0137849 0.019926 0.999706 0.942958
0.461154 -0.886922 0.0265771 18.5411 0.887189 0.461394 0.00338187 35.1592 -0.0152619 0.0220193 0.999641 0.947301
0.460352 -0.88733 0.0268639 18.9895 0.887589 0.460617 0.00431695 36.0502 -0.0162045 0.0218567 0.99963 0.953983
0.460141 -0.887535 0.0235066 19.429 0.887731 0.460346 0.00388124 36.9355 -0.0142659 0.0190816 0.999716 0.958996
0.459651 -0.887864 0.0204658 19.8658 0.888053 0.45974 -0.000399462 37.8138 -0.00905427 0.0183583 0.99979 0.961563
0.459248 -0.888094 0.019517 20.3068 0.888273 0.459314 -0.00121411 38.6925 -0.0078862 0.017894 0.999809 0.963544
0.458886 -0.888239 0.0213241 20.7506 0.888427 0.459015 0.00132014 39.5709 -0.0109607 0.0183392 0.999772 0.972784
0.458531 -0.88832 0.0252141 21.1925 0.888568 0.458737 0.00272737 40.4437 -0.0139894 0.0211538 0.999678 0.976786
0.458249 -0.888417 0.0268981 21.6308 0.888697 0.458485 0.00300995 41.3125 -0.0150065 0.022525 0.999634 0.979298
0.458141 -0.888401 0.0291571 22.0672 0.888766 0.45836 0.000960606 42.1727 -0.0142179 0.0254737 0.999574 0.978735
0.457725 -0.888543 0.0313008 22.5079 0.889006 0.45789 -0.00209638 43.032 -0.0124696 0.0287862 0.999508 0.977353
0.456669 -0.889023 0.0330363 22.9421 0.88954 0.456852 -0.00220577 43.8886 -0.0131317 0.0303944 0.999452 0.976343
0.455556 -0.889412 0.0376093 23.3793 0.890038 0.455886 0.000222034 44.7486 -0.017343 0.0333726 0.999292 0.973026
0.454854 -0.889582 0.0418448 23.8101 0.890275 0.455403 0.0041447 45.6105 -0.0227433 0.0353682 0.999116 0.965083
0.454281 -0.889879 0.0417669 24.2314 0.890507 0.45492 0.00677398 46.4669 -0.0250286 0.0341165 0.999104 0.956747
0.453043 -0.890625 0.0392323 24.6513 0.891203 0.453573 0.00535717 47.3116 -0.022566 0.0325369 0.999216 0.950299
0.45201 -0.891361 0.0341054 25.0672 0.891895 0.452241 -0.00105802 48.14 -0.0144808 0.0308967 0.999418 0.943684
0.451231 -0.891887 0.0304644 25.4801 0.892368 0.45127 -0.00598573 48.9598 -0.00840908 0.0298864 0.999518 0.941996
0.450045 -0.892618 0.0263001 25.8807 0.892959 0.450128 -0.00301713 49.781 -0.00914528 0.0248428 0.99965 0.944507
0.449159 -0.893112 0.0246607 26.2793 0.893373 0.449315 0.000907575 50.5898 -0.011891 0.0216235 0.999695 0.952401
0.447878 -0.893798 0.0230344 26.6699 0.893989 0.448072 0.00382902 51.3862 -0.0137435 0.0188776 0.999727 0.960391
0.446794 -0.894354 0.0225002 27.0553 0.894544 0.446968 0.00311507 52.1676 -0.0128428 0.0187356 0.999742 0.962968
0.445318 -0.895111 0.0216298 27.432 0.89527 0.445503 0.00440795 52.9393 -0.0135817 0.0174016 0.999756 0.965625
0.443951 -0.895809 0.020807 27.8024 0.895938 0.444144 0.00553715 53.6992 -0.0142016 0.0161836 0.999768 0.970376
0.442482 -0.896523 0.0213889 28.1681 0.89665 0.442695 0.00631708 54.4472 -0.0151322 0.0163832 0.999751 0.973951
0.441153 -0.897158 0.0221658 28.5285 0.897293 0.441385 0.00668022 55.1845 -0.0157769 0.0169423 0.999732 0.975207
0.439833 -0.897828 0.0212625 28.8786 0.897899 0.440096 0.009632 55.9112 -0.0180054 0.0148552 0.999728 0.976829
0.438648 -0.898394 0.0218323 29.2236 0.898378 0.438989 0.0143436 56.631 -0.0224703 0.0133219 0.999659 0.976804
0.436914 -0.899266 0.020642 29.5644 0.89917 0.437262 0.0171682 57.3326 -0.0244647 0.0110597 0.99964 0.98028
0.435588 -0.899999 0.0162684 29.8878 0.899898 0.435821 0.015592 58.016 -0.0211229 0.00784821 0.999746 0.984236
0.434618 -0.900536 0.0119226 30.2036 0.90051 0.434731 0.00955262 58.6792 -0.0137856 0.00658466 0.999883 0.988488
0.43336 -0.901165 0.0100176 30.5109 0.901184 0.433416 0.00419068 59.3252 -0.0081183 0.00721165 0.999941 0.989705
0.432949 -0.901381 0.00827237 30.809 0.901401 0.43298 0.00234436 59.9579 -0.00569494 0.00644174 0.999963 0.995195
0.432221 -0.901735 0.00770757 31.0966 0.901725 0.432268 0.00607215 60.5747 -0.00880721 0.00432559 0.999952 1.00702
0.431014 -0.902307 0.00832683 31.3779 0.902265 0.43108 0.0093422 61.171 -0.0120191 0.00348639 0.999922 1.02444
0.429868 -0.902841 0.00952912 31.653 0.902843 0.42993 0.00580331 61.7434 -0.00933633 0.00610865 0.999938 1.03634
0.42986 -0.902785 0.0141517 31.9259 0.902884 0.429881 -0.00172662 62.2948 -0.00452479 0.0135196 0.999898 1.04571
0.430764 -0.902334 0.0153412 32.1867 0.902464 0.430681 -0.00849074 62.831 0.00105433 0.0175024 0.999846 1.05792
0.433308 -0.901141 0.0137773 32.4367 0.901244 0.433224 -0.00870676 63.3595 0.00187737 0.0161894 0.999867 1.07023
0.436694 -0.899553 0.0101459 32.6791 0.899609 0.436682 -0.00348129 63.8789 -0.00129892 0.0106476 0.999942 1.08442
0.440705 -0.897562 0.0127338 32.9256 0.89764 0.440727 -0.00119749 64.3787 -0.0045373 0.0119581 0.999918 1.09515
0.445267 -0.895205 0.0185749 33.1782 0.895356 0.44535 0.000340283 64.8615 -0.00857696 0.0164797 0.999827 1.10707
0.452154 -0.891609 0.0243031 33.4263 0.891845 0.452335 0.00226452 65.3317 -0.0130122 0.0206507 0.999702 1.11957
0.461278 -0.88698 0.0221267 33.6632 0.88716 0.461451 0.00315721 65.7875 -0.0130108 0.0181736 0.99975 1.12749
0.474135 -0.880286 0.0170924 33.8907 0.880356 0.474281 0.0055673 66.2352 -0.0130074 0.0124077 0.999838 1.1342
0.489774 -0.871752 0.0130602 34.1232 0.871736 0.489897 0.00877715 66.6656 -0.0140496 0.00708621 0.999876 1.13942
0.508188 -0.861129 0.0141989 34.368 0.861115 0.508329 0.00909049 67.0723 -0.0150458 0.0076072 0.999858 1.14191
0.529879 -0.847886 0.0178119 34.622 0.847909 0.530073 0.00855287 67.4587 -0.0166935 0.0105709 0.999805 1.14601
0.553939 -0.832316 0.0200388 34.8822 0.832341 0.554183 0.00946649 67.8312 -0.0189843 0.0114352 0.999754 1.14927
0.580416 -0.81404 0.0213811 35.15 0.814039 0.580705 0.0110241 68.1912 -0.0213902 0.0110065 0.999711 1.15141
0.609773 -0.792268 0.0221172 35.4287 0.792239 0.61009 0.0121427 68.534 -0.0231138 0.0101178 0.999682 1.15134
0.641585 -0.766729 0.0222424 35.7169 0.766673 0.64191 0.0128038 68.8613 -0.0240947 0.00883793 0.999671 1.14891
0.675202 -0.737279 0.0228317 36.0171 0.737202 0.675542 0.0132873 69.1668 -0.0252202 0.00786001 0.999651 1.14797
0.710393 -0.703498 0.0208086 36.3264 0.703373 0.710682 0.0140418 69.4488 -0.0246667 0.004661 0.999685 1.14944
0.747152 -0.664378 0.0191339 36.6472 0.664251 0.747392 0.0132648 69.7065 -0.0231134 0.00279893 0.999729 1.14985
0.784168 -0.620273 0.0185068 36.9784 0.620148 0.784384 0.012545 69.9377 -0.0222978 0.00163962 0.99975 1.14613
0.82016 -0.571861 0.0176762 37.3182 0.571728 0.82035 0.0123397 70.1426 -0.0215572 -1.45347e-05 0.999768 1.13941
0.854501 -0.519177 0.0168189 37.6656 0.519048 0.854666 0.0116326 70.3205 -0.020414 -0.00121026 0.999791 1.13182
0.886216 -0.462951 0.017243 38.0219 0.462865 0.886384 0.00890949 70.4673 -0.0194086 8.5451e-05 0.999812 1.12617
0.91411 -0.40509 0.0174733 38.382 0.405008 0.914277 0.00817745 70.5911 -0.019288 -0.000398271 0.999814 1.12456
0.938021 -0.346022 0.0196061 38.7485 0.345923 0.938226 0.00834818 70.6918 -0.0212836 -0.00104857 0.999773 1.12227
0.957908 -0.286232 0.021983 39.1229 0.286058 0.958152 0.0107739 70.7697 -0.0241469 -0.00403206 0.9997 1.11602
0.973808 -0.226135 0.0236832 39.4983 0.225932 0.974082 0.010957 70.8224 -0.0255472 -0.00531921 0.999659 1.10796
0.985751 -0.166518 0.0237963 39.8773 0.166369 0.98603 0.00810082 70.8447 -0.0248128 -0.00402643 0.999684 1.09895
0.993769 -0.108801 0.0241835 40.2536 0.108776 0.994063 0.00235731 70.8437 -0.0242964 0.000287963 0.999705 1.0913
0.998289 -0.0534752 0.0236633 40.6278 0.0533979 0.998566 0.00388742 70.8304 -0.0238372 -0.0026172 0.999712 1.08643
0.999726 0.000700234 0.0233924 41.0043 -0.000901151 0.999963 0.00857954 70.8049 -0.0233855 -0.00859827 0.99969 1.08012
0.998427 0.0513614 0.0225048 41.3805 -0.0516055 0.998613 0.0104046 70.759 -0.0219392 -0.0115496 0.999693 1.07315
0.995 0.0975045 0.0216142 41.7508 -0.0976229 0.995213 0.00449212 70.6851 -0.0210727 -0.0065797 0.999756 1.06538
0.989938 0.139744 0.0222327 42.1236 -0.139551 0.990164 -0.0100372 70.5841 -0.0234167 0.00683357 0.999702 1.05382
0.983969 0.176771 0.0236049 42.4944 -0.176421 0.984182 -0.016183 70.4809 -0.0260923 0.0117592 0.99959 1.04433
0.977418 0.210212 0.0215639 42.8686 -0.209961 0.977619 -0.013331 70.3839 -0.0238836 0.00850241 0.999679 1.03723
0.970272 0.241178 0.0201108 43.2454 -0.241197 0.970475 -0.00154721 70.2901 -0.0198902 -0.00334945 0.999797 1.03731
0.962809 0.269513 0.0190298 43.623 -0.269661 0.962939 0.00564699 70.1788 -0.0168026 -0.0105686 0.999803 1.04082
0.955514 0.294455 0.0169702 44.004 -0.294583 0.95561 0.00549768 70.0431 -0.0145981 -0.0102522 0.999841 1.03975
0.94818 0.317448 0.0134872 44.3852 -0.317486 0.948263 0.000724108 69.8886 -0.0125595 -0.00496857 0.999909 1.0354
0.94152 0.336934 0.00383876 44.7712 -0.336915 0.941523 -0.00477382 69.7169 -0.00522274 0.00320131 0.999981 1.0156
0.934693 0.35543 -0.00438652 45.1664 -0.355446 0.93469 -0.00358807 69.5472 0.00282473 0.00491292 0.999984 0.997409
0.928186 0.372088 -0.00458592 45.58 -0.372094 0.928195 -0.000557146 69.3719 0.00404932 0.00222353 0.999989 0.992304
0.922286 0.386504 0.00167935 46.0087 -0.386505 0.922287 0.000442813 69.1831 -0.0013777 -0.00105748 0.999999 0.997977
0.91649 0.400022 0.00527562 46.4391 -0.400023 0.916505 -0.000873649 68.978 -0.00518461 -0.00130968 0.999986 1.00345
0.910944 0.412478 0.00659333 46.875 -0.412463 0.910967 -0.00353964 68.7595 -0.00746634 0.0005049 0.999972 1.00564
0.90594 0.423367 0.00577645 47.3173 -0.423326 0.905949 -0.00711226 68.5279 -0.00824427 0.00399795 0.999958 1.00352
0.901426 0.432916 0.0038176 47.7711 -0.432865 0.901407 -0.00966894 68.2861 -0.00762704 0.00706333 0.999946 1.00146
0.897647 0.44071 0.00223751 48.238 -0.440661 0.897604 -0.01123 68.0355 -0.00695757 0.00909459 0.999934 0.999841
0.894941 0.446182 0.00121058 48.7193 -0.446134 0.894878 -0.0125573 67.7749 -0.00668617 0.010698 0.99992 0.996691
0.892315 0.451414 -0.00041495 49.2142 -0.451379 0.892233 -0.0132829 67.5063 -0.00562584 0.0120398 0.999912 0.991091
0.889428 0.457074 -0.00139389 49.7266 -0.457051 0.889345 -0.0130421 67.2272 -0.00472156 0.0122371 0.999914 0.983755
0.887265 0.461253 -0.00249977 50.2556 -0.461235 0.88715 -0.0150448 66.9347 -0.00472177 0.0145017 0.999884 0.978621
0.885608 0.464423 -0.00316325 50.7937 -0.464408 0.885466 -0.0165855 66.6284 -0.00490176 0.0161573 0.999857 0.972486
0.883972 0.467527 -0.00332678 51.35 -0.467509 0.883812 -0.0176289 66.3141 -0.00530173 0.0171387 0.999839 0.967463
0.882472 0.470351 -0.0035266 51.9184 -0.470327 0.882283 -0.0192181 65.9855 -0.00592781 0.0186181 0.999809 0.961499
0.881764 0.471659 -0.00544905 52.4999 -0.471651 0.881479 -0.0232392 65.6475 -0.00615774 0.0230615 0.999715 0.955063
0.881821 0.47153 -0.00713158 53.0929 -0.471541 0.881437 -0.0267935 65.2988 -0.00634791 0.02699 0.999616 0.947135
0.882598 0.470059 -0.00803764 53.7057 -0.470084 0.882156 -0.0286666 64.9465 -0.00638456 0.0290795 0.999557 0.939772
0.884037 0.467319 -0.00953923 54.3346 -0.467379 0.883523 -0.03073 64.5898 -0.0059326 0.0316249 0.999482 0.933116
0.885769 0.464022 -0.00985964 54.9803 -0.464089 0.885224 -0.0316099 64.2266 -0.00593969 0.0325748 0.999452 0.926857
0.88752 0.460681 -0.00907651 55.6456 -0.460709 0.886911 -0.0336883 63.8625 -0.00746949 0.0340807 0.999391 0.924401
0.889304 0.457249 -0.0078632 56.3254 -0.457232 0.888677 -0.0345282 63.496 -0.00880015 0.0343014 0.999373 0.922461
0.891152 0.45368 -0.00465068 57.0249 -0.453572 0.8906 -0.0332324 63.1295 -0.010935 0.0317246 0.999437 0.918111
0.892964 0.450118 -0.00308567 57.7304 -0.449967 0.89244 -0.0328716 62.7614 -0.0120423 0.0307416 0.999455 0.912612
0.894754 0.446551 -0.0026992 58.4458 -0.44642 0.894306 -0.0304281 62.3945 -0.0111738 0.0284306 0.999533 0.909023
0.896258 0.443509 -0.00452746 59.1652 -0.44346 0.895881 -0.0272158 62.0294 -0.00801441 0.0264002 0.999619 0.90796
0.896887 0.4422 -0.0073302 59.8911 -0.442255 0.896671 -0.0197674 61.6674 -0.00216837 0.020971 0.999778 0.907124
0.896741 0.44247 -0.00868852 60.6197 -0.442555 0.896597 -0.016114 61.2986 0.000660128 0.0182952 0.999832 0.906624
0.896771 0.442427 -0.0077292 61.3515 -0.442494 0.896664 -0.0138651 60.9282 0.000796214 0.0158539 0.999874 0.913877
0.896735 0.44255 -0.00391315 62.0854 -0.442563 0.896651 -0.0124756 60.5577 -0.00201234 0.0129191 0.999915 0.925173
0.896665 0.442693 -0.00372975 62.8148 -0.442701 0.896569 -0.013429 60.1833 -0.00260096 0.0136925 0.999903 0.93384
0.896743 0.442549 -0.00169503 63.5449 -0.442536 0.896669 -0.012117 59.8097 -0.0038425 0.011616 0.999925 0.943279
0.8966 0.442841 -0.000802177 64.2727 -0.442823 0.896545 -0.0106759 59.4348 -0.00400853 0.00992723 0.999943 0.955938
0.896632 0.442777 -0.000283848 64.9994 -0.442764 0.896602 -0.00809987 59.0652 -0.00333193 0.00738828 0.999967 0.964781
0.896103 0.443845 0.000117461 65.7248 -0.443839 0.896093 -0.00494368 58.6955 -0.00229949 0.00437792 0.999988 0.973093
0.894887 0.446291 0.0015705 66.45 -0.446287 0.894887 -0.00238076 58.326 -0.00246793 0.00142961 0.999996 0.981938
0.893168 0.449705 0.00407367 67.1732 -0.449707 0.893176 -0.000547683 57.9529 -0.0038848 -0.00134278 0.999992 0.991243
0.890962 0.454016 0.00744037 67.8958 -0.454031 0.890986 0.000273789 57.5767 -0.00650496 -0.00362209 0.999972 1.00176
0.888063 0.459598 0.0106591 68.6142 -0.459634 0.888108 0.00111529 57.1943 -0.00895388 -0.00588975 0.999943 1.01074
0.884616 0.466183 0.0113023 69.3248 -0.466229 0.884662 0.00172546 56.8062 -0.00919434 -0.00679583 0.999935 1.01806
0.880521 0.473882 0.0108824 70.027 -0.473936 0.880555 0.0028671 56.415 -0.00822384 -0.00768208 0.999937 1.02327
0.875687 0.482772 0.0101297 70.7225 -0.482821 0.875714 0.0029231 56.0134 -0.00745955 -0.00745056 0.999944 1.02792
0.87068 0.491739 0.010435 71.4112 -0.491781 0.870717 0.00175286 55.6077 -0.00822397 -0.00665791 0.999944 1.03397
0.8653 0.501103 0.0123362 72.0921 -0.501161 0.865352 0.00196827 55.1994 -0.00968888 -0.00788559 0.999922 1.0404
0.859634 0.510755 0.0125957 72.7667 -0.510804 0.859697 0.000765655 54.7814 -0.0104374 -0.00709211 0.99992 1.043
0.853883 0.520312 0.0126059 73.4319 -0.520359 0.853947 0.000536795 54.3584 -0.0104855 -0.00701796 0.99992 1.04552
0.84805 0.529776 0.0121735 74.0874 -0.529824 0.848107 0.000893767 53.9329 -0.00985092 -0.00720776 0.999925 1.04899
0.842287 0.538906 0.0115776 74.7355 -0.538959 0.84233 0.00186268 53.5029 -0.00874834 -0.00780875 0.999931 1.05188
0.836642 0.547649 0.0105071 75.3725 -0.547695 0.836676 0.00194065 53.0695 -0.00772822 -0.0073783 0.999943 1.05435
0.831328 0.555699 0.00961705 75.9985 -0.555737 0.831356 0.00175505 52.6334 -0.00701991 -0.00680358 0.999952 1.05794
0.825912 0.563726 0.00907351 76.6137 -0.563761 0.825937 0.0015821 52.194 -0.00660227 -0.00642196 0.999958 1.0631
0.820487 0.571596 0.00884968 77.22 -0.571627 0.820512 0.00125124 51.7549 -0.00654607 -0.00608535 0.99996 1.06712
0.81544 0.578779 0.00848566 77.8149 -0.578801 0.815469 8.596e-05 51.3126 -0.00687004 -0.0049816 0.999964 1.07238
0.811016 0.584957 0.00883114 78.4007 -0.584966 0.811056 -0.00187593 50.8696 -0.00825989 -0.0036445 0.999959 1.07778
0.807808 0.589382 0.00867291 78.975 -0.58936 0.807854 -0.00509857 50.4282 -0.0100114 -0.000992799 0.999949 1.08501
0.805348 0.59274 0.00859273 79.5438 -0.592679 0.805392 -0.00871525 49.9875 -0.0120864 0.00192609 0.999925 1.08837
0.803554 0.595168 0.00872433 80.1035 -0.595077 0.803593 -0.0110433 49.5539 -0.0135834 0.00368226 0.999901 1.09022
0.802451 0.596648 0.00906671 80.6503 -0.596544 0.802492 -0.0118776 49.1307 -0.0143627 0.00412247 0.999888 1.09192
0.801807 0.597518 0.00882531 81.1874 -0.59741 0.801843 -0.0122068 48.7146 -0.0143703 0.0045152 0.999887 1.0929
0.802159 0.597064 0.00737066 81.7094 -0.596961 0.802174 -0.0123962 48.3086 -0.0133139 0.00554377 0.999896 1.09376
0.803792 0.594883 0.00574245 82.2188 -0.594787 0.803784 -0.0126595 47.9151 -0.0121466 0.0067601 0.999903 1.09487
0.806624 0.591044 0.00494145 82.7178 -0.590957 0.806609 -0.0123398 47.537 -0.0112792 0.00703337 0.999912 1.09662
0.811067 0.584934 0.00477193 83.2052 -0.584857 0.811055 -0.0115412 47.178 -0.0106212 0.00656983 0.999922 1.09929
0.817271 0.576232 0.00489457 83.6817 -0.576163 0.817265 -0.0106769 46.8351 -0.0101526 0.00590589 0.999931 1.10324
0.824868 0.565305 0.00485421 84.1456 -0.565239 0.824862 -0.0103981 46.5109 -0.00988212 0.00583324 0.999934 1.10795
0.834152 0.551519 0.00416128 84.6004 -0.551471 0.834147 -0.00890796 46.2109 -0.00838402 0.00513577 0.999952 1.11231
0.845233 0.534392 0.00236268 85.0558 -0.534368 0.845225 -0.00666431 45.9288 -0.00555835 0.00437036 0.999975 1.12032
0.857705 0.514142 0.000253803 85.5117 -0.514137 0.857699 -0.00384318 45.6623 -0.00219362 0.00316582 0.999993 1.12867
0.871652 0.490125 -0.000804 85.972 -0.490126 0.87165 -0.00188358 45.4084 -0.000222384 0.00203589 0.999998 1.13543
0.887029 0.461714 -0.000495812 86.4385 -0.461715 0.887028 -0.00108784 45.1708 -6.24734e-05 0.00119387 0.999999 1.14248
0.903569 0.42844 0.00130972 86.9105 -0.428437 0.903569 -0.00195541 44.9515 -0.0020212 0.00120572 0.999997 1.15004
0.920583 0.390519 0.00465931 87.3899 -0.390511 0.920595 -0.00258072 44.7564 -0.00529715 0.000556253 0.999986 1.15871
0.937074 0.349002 0.00952013 87.8735 -0.348992 0.937122 -0.00276528 44.5868 -0.00988661 -0.000731178 0.999951 1.16701
0.952783 0.303323 0.0141407 88.3648 -0.303339 0.952882 -0.00104164 44.4401 -0.0137904 -0.00329696 0.9999 1.17532
0.967247 0.253282 0.0167878 88.8559 -0.253335 0.967378 0.00112241 44.3288 -0.0159559 -0.0053386 0.999858 1.18433
0.979909 0.198713 0.0171003 89.3426 -0.198769 0.980045 0.00164964 44.2436 -0.0164312 -0.00501549 0.999852 1.18789
0.990183 0.139008 0.0146313 89.8253 -0.139004 0.990291 -0.00132917 44.1845 -0.014674 -0.000717681 0.999892 1.19131
0.997147 0.0748363 0.00990862 90.3011 -0.0748113 0.997194 -0.00287524 44.1608 -0.010096 0.00212576 0.999947 1.195
0.999957 0.00835264 0.00403121 90.7725 -0.00832947 0.999949 -0.00573106 44.1695 -0.00407887 0.00569723 0.999976 1.19925
0.998233 -0.059423 -0.00021208 91.2384 0.0594216 0.998224 -0.00423819 44.2186 0.00046355 0.0042181 0.999991 1.20208
0.991856 -0.127315 -0.00353001 91.6977 0.127305 0.991859 -0.00292385 44.3012 0.00387352 0.00245065 0.99999 1.20526
0.980802 -0.194918 -0.00579607 92.1497 0.194896 0.980815 -0.00410918 44.4125 0.00648582 0.00290067 0.999975 1.21012
0.965359 -0.260874 -0.00519441 92.5935 0.260842 0.965362 -0.00617384 44.5522 0.00662508 0.00460505 0.999967 1.21808
0.945643 -0.325204 -0.00100281 93.0272 0.325193 0.94563 -0.00584929 44.7235 0.00285049 0.00520524 0.999982 1.22799
0.921687 -0.3879 0.0052686 93.4477 0.387923 0.921681 -0.00446139 44.9262 -0.00312539 0.00615581 0.999976 1.23928
0.894489 -0.446978 0.0100199 93.853 0.447017 0.894523 -0.00197804 45.1606 -0.00807887 0.00624839 0.999948 1.24889
0.865052 -0.501445 0.0154429 94.2478 0.501491 0.865162 0.000964943 45.419 -0.0138445 0.00690976 0.99988 1.25478
0.835033 -0.549892 0.0183836 94.6293 0.549886 0.835219 0.00581752 45.703 -0.0185533 0.00525106 0.999814 1.26194
0.806082 -0.591504 0.0188458 94.9962 0.591439 0.806295 0.00942449 46.0066 -0.0207698 0.0035492 0.999778 1.26505
0.779605 -0.626057 0.0163748 95.3529 0.625848 0.779773 0.0164056 46.3368 -0.0230395 -0.00254172 0.999731 1.26137
0.755764 -0.65473 0.012219 95.6986 0.654506 0.755841 0.0180287 46.673 -0.0210396 -0.00562805 0.999763 1.25239
0.733915 -0.679172 0.00974195 96.0444 0.678953 0.733946 0.0185945 47.0179 -0.0197789 -0.00703245 0.99978 1.24258
0.717347 -0.696588 0.0133609 96.3948 0.696453 0.717471 0.0136905 47.3617 -0.0191227 -0.000515616 0.999817 1.236
0.70578 -0.708254 0.0158225 96.7432 0.708162 0.705952 0.0118032 47.7154 -0.0195296 0.00287446 0.999805 1.23449
0.69637 -0.717566 0.012937 97.0889 0.717434 0.69649 0.013806 48.0848 -0.0189172 -0.000332619 0.999821 1.2274
0.689197 -0.724519 0.00892817 97.4383 0.724325 0.689231 0.0177148 48.468 -0.0189883 -0.00574207 0.999803 1.21388
0.684581 -0.72893 0.0030194 97.7897 0.728722 0.684474 0.0214567 48.8588 -0.0177071 -0.0124885 0.999765 1.20665
0.682447 -0.730926 -0.00361035 98.1495 0.730801 0.68222 0.0224837 49.2557 -0.0139709 -0.0179824 0.999741 1.20416
0.681774 -0.731536 -0.00625766 98.5209 0.731467 0.681522 0.0219774 49.6549 -0.0118125 -0.0195609 0.999739 1.20562
0.683368 -0.730039 -0.00716525 98.904 0.730018 0.68316 0.0191219 50.0574 -0.0090647 -0.018298 0.999792 1.20539
0.686464 -0.727103 -0.00938817 99.2979 0.72716 0.686364 0.01191 50.4628 -0.00221612 -0.0150025 0.999885 1.20053
0.689542 -0.724148 -0.0119116 99.6977 0.724239 0.689512 0.00712988 50.8763 0.00305009 -0.0135432 0.999904 1.1967
0.69272 -0.721049 -0.015069 100.107 0.721203 0.692637 0.0110067 51.3099 0.00250092 -0.0184924 0.999826 1.1993
0.696815 -0.717082 -0.0155479 100.526 0.717249 0.696608 0.0170418 51.7535 -0.00138954 -0.0230267 0.999734 1.20421
0.700382 -0.71368 -0.0112102 100.965 0.713744 0.700141 0.0192934 52.1954 -0.0059206 -0.021514 0.999751 1.20892
0.703079 -0.711095 -0.00484355 101.418 0.711014 0.702853 0.0213612 52.641 -0.0117855 -0.0184624 0.99976 1.2122
0.705561 -0.70865 -0.00018847 101.877 0.708453 0.705359 0.0237199 53.0951 -0.0166762 -0.0168694 0.999719 1.21324
0.70786 -0.706343 0.00373056 102.343 0.706123 0.707754 0.0217751 53.5526 -0.018021 -0.0127795 0.999756 1.2091
0.708311 -0.705884 0.00494245 102.817 0.705734 0.708278 0.0168115 54.0123 -0.0153676 -0.00841972 0.999846 1.20468
0.708178 -0.706029 0.00256894 103.294 0.705971 0.708158 0.0108213 54.4797 -0.00945941 -0.00584984 0.999938 1.20082
0.707778 -0.70643 -0.00272882 103.773 0.706434 0.707763 0.00486143 54.9581 -0.00150291 -0.00536854 0.999985 1.19721
0.706125 -0.708045 -0.00777853 104.261 0.708081 0.706123 0.00351422 55.4507 0.00300437 -0.00798931 0.999964 1.19473
0.704315 -0.709869 -0.00505805 104.765 0.709887 0.70429 0.00596045 55.9558 -0.000668811 -0.00778868 0.999969 1.19476
0.703044 -0.711144 0.00189985 105.281 0.711102 0.703028 0.00924437 56.4716 -0.00790972 -0.00514821 0.999955 1.19987
0.701173 -0.71297 0.00553636 105.8 0.712838 0.701162 0.0152713 56.9982 -0.0147699 -0.00676132 0.999868 1.20562
0.699795 -0.714337 0.003183 106.317 0.714196 0.699733 0.0172501 57.5322 -0.0145496 -0.00979824 0.999846 1.20554
0.698437 -0.715663 -0.00355265 106.835 0.715603 0.698292 0.017337 58.0753 -0.00992669 -0.0146511 0.999843 1.20192
0.69584 -0.718159 -0.00742252 107.364 0.718183 0.695724 0.0134722 58.621 -0.00451117 -0.0147052 0.999882 1.19721
0.692861 -0.721018 -0.00872216 107.902 0.72107 0.692791 0.00991408 59.1767 -0.0011056 -0.0131584 0.999913 1.19512
0.690097 -0.723688 -0.00650103 108.449 0.723713 0.690033 0.00972389 59.7452 -0.00255114 -0.0114153 0.999932 1.19758
0.687464 -0.726214 -0.00261907 109.003 0.726208 0.68743 0.0079381 60.3195 -0.00396433 -0.00735914 0.999965 1.20249
0.68604 -0.727564 5.62415e-05 109.563 0.727532 0.68601 0.00937414 60.9067 -0.00685887 -0.00639012 0.999956 1.20759
0.684879 -0.728648 0.00373273 110.134 0.728596 0.684878 0.00951302 61.5097 -0.00948811 -0.00379561 0.999948 1.20761
0.684369 -0.729088 0.00837699 110.709 0.729055 0.684419 0.00698828 62.111 -0.0108284 0.00132472 0.999941 1.20643
0.683894 -0.729531 0.00862039 111.284 0.72948 0.683948 0.00856963 62.7233 -0.0121477 0.000427686 0.999926 1.20723
0.684245 -0.729239 0.00433499 111.854 0.729178 0.684248 0.0102493 63.3394 -0.0104404 -0.00385205 0.999938 1.20755
0.684698 -0.728824 -0.00182606 112.427 0.728791 0.684637 0.0116759 63.9601 -0.00725946 -0.00932525 0.99993 1.20715
0.685245 -0.728265 -0.00833413 113.003 0.72829 0.685088 0.0157777 64.584 -0.00578074 -0.0168812 0.999841 1.20589
0.687103 -0.726438 -0.0133172 113.583 0.726532 0.6868 0.0213873 65.2154 -0.00639032 -0.0243706 0.999683 1.20878
0.689482 -0.724164 -0.0141945 114.17 0.724245 0.689047 0.0261361 65.8453 -0.00914616 -0.0283006 0.999558 1.2141
0.691292 -0.722424 -0.0147982 114.765 0.722524 0.690855 0.0260375 66.4688 -0.00858669 -0.0286916 0.999551 1.21701
0.6928 -0.720943 -0.0164204 115.362 0.72111 0.692431 0.0232377 67.0936 -0.00538312 -0.02794 0.999595 1.21528
0.693528 -0.72035 -0.0106609 115.974 0.720402 0.693297 0.0189984 67.7255 -0.00629433 -0.0208561 0.999763 1.20599
0.69384 -0.720106 -0.00582413 116.586 0.720103 0.693724 0.014104 68.3508 -0.00611601 -0.0139799 0.999884 1.20206
0.694905 -0.719087 -0.00456677 117.191 0.719075 0.694812 0.0129308 68.9784 -0.00612531 -0.0122695 0.999906 1.20145
0.695651 -0.718355 -0.00595578 117.793 0.718336 0.695494 0.016784 69.6126 -0.00791468 -0.0159541 0.999841 1.19862
0.696309 -0.717729 -0.00431309 118.396 0.717623 0.696071 0.0223875 70.2474 -0.0130659 -0.0186838 0.99974 1.19515
0.696999 -0.717062 -0.00367498 118.998 0.716816 0.696605 0.0302499 70.8775 -0.019131 -0.0237184 0.999536 1.19626
0.697919 -0.716148 -0.00639375 119.594 0.716053 0.697604 0.0248192 71.4796 -0.013314 -0.0219001 0.999671 1.20277
0.698273 -0.715745 -0.0111355 120.192 0.715832 0.69819 0.0107618 72.0662 7.19629e-05 -0.0154858 0.99988 1.21061
0.69799 -0.715968 -0.0141238 120.792 0.71602 0.698077 -0.0018156 72.6517 0.0111594 -0.00884568 0.999899 1.21976
0.697376 -0.716638 -0.00981773 121.396 0.716685 0.697395 0.00194336 73.2564 0.00545415 -0.00839147 0.99995 1.23248
0.696416 -0.717614 0.0058805 122.009 0.717457 0.696401 0.016788 73.874 -0.0161425 -0.00747242 0.999842 1.24662
0.695195 -0.718606 0.0175905 122.616 0.718019 0.695368 0.0302112 74.4877 -0.0339419 -0.00837239 0.999389 1.25991
0.694823 -0.719057 0.0133444 123.202 0.718586 0.694884 0.0277578 75.0809 -0.0292322 -0.00969763 0.999526 1.25226
0.6942 -0.719781 -0.000658719 123.777 0.719653 0.694059 0.0194993 75.6649 -0.013578 -0.0140105 0.99981 1.23352
0.693442 -0.720485 -0.00626794 124.36 0.720499 0.69335 0.0121499 76.2472 -0.00440793 -0.0129413 0.999907 1.21706
0.692099 -0.721789 -0.00440367 124.949 0.721798 0.692057 0.00805139 76.8325 -0.00276381 -0.00875092 0.999958 1.21726
0.690135 -0.723677 -0.00226695 125.527 0.723654 0.690079 0.0107228 77.4317 -0.00619546 -0.00904066 0.99994 1.21786
0.687582 -0.726101 -0.00281763 126.096 0.726092 0.687539 0.00895109 78.0259 -0.00456217 -0.00820048 0.999956 1.20683
0.68406 -0.729413 -0.0043834 126.661 0.729423 0.684026 0.00715087 78.6173 -0.00221758 -0.00808898 0.999965 1.1919
0.681703 -0.731593 -0.00725304 127.218 0.731622 0.681619 0.011148 79.2175 -0.00321196 -0.0129061 0.999912 1.18787
0.68005 -0.733051 -0.0129808 127.772 0.733165 0.679909 0.0139196 79.818 -0.00137797 -0.0189831 0.999819 1.18085
0.67867 -0.734322 -0.013339 128.33 0.734434 0.678455 0.0174679 80.4187 -0.00377715 -0.0216516 0.999758 1.17991
0.677612 -0.735358 -0.00947762 128.892 0.735371 0.677363 0.020222 81.0163 -0.00845059 -0.0206722 0.999751 1.17905
0.676648 -0.736261 -0.00823342 129.45 0.736251 0.676417 0.0198697 81.6098 -0.00906002 -0.0195066 0.999769 1.17808
0.674779 -0.737967 -0.0087657 130.001 0.737999 0.674625 0.0154428 82.2038 -0.0054827 -0.0168895 0.999842 1.17579
0.671479 -0.740991 -0.00698662 130.55 0.741019 0.671412 0.00985901 82.7906 -0.00261454 -0.0117973 0.999927 1.16984
0.66664 -0.745359 -0.00556148 131.095 0.74538 0.666615 0.00574431 83.3899 -0.000574209 -0.0079748 0.999968 1.16894
0.661583 -0.749868 -0.00250283 131.634 0.749856 0.661544 0.00866516 84.0023 -0.00484199 -0.00760949 0.999959 1.17202
0.656858 -0.754005 0.00365328 132.173 0.75389 0.65683 0.0149625 84.6198 -0.0136814 -0.00707409 0.999881 1.17622
0.653505 -0.756834 0.0115769 132.704 0.756588 0.653595 0.0197003 85.2421 -0.0224765 -0.00411524 0.999739 1.17138
0.650338 -0.759597 0.00849391 133.221 0.759183 0.650292 0.027575 85.8678 -0.0264695 -0.0114847 0.999584 1.16378
0.647029 -0.762458 0.00331521 133.73 0.762155 0.646884 0.0257152 86.4876 -0.0217514 -0.0141118 0.999664 1.15407
0.641802 -0.766867 -0.00232575 134.242 0.766783 0.64168 0.0170475 87.099 -0.0115808 -0.0127245 0.999852 1.14201
0.636788 -0.771031 -0.00365604 134.756 0.771024 0.636737 0.00939882 87.7185 -0.00491884 -0.00880395 0.999949 1.12939
0.631632 -0.775265 -0.00238205 135.271 0.775252 0.631595 0.00853822 88.3508 -0.00511489 -0.0072397 0.999961 1.12575
0.625585 -0.780135 -0.00563969 135.777 0.780105 0.625445 0.0159821 88.999 -0.00894086 -0.0143977 0.999856 1.12995
0.619425 -0.784982 -0.0107686 136.274 0.785014 0.619193 0.0187637 89.6483 -0.00806135 -0.0200762 0.999766 1.12912
0.611647 -0.790969 -0.0159761 136.772 0.791127 0.611457 0.0154804 90.2906 -0.00247586 -0.0221077 0.999753 1.12514
0.604769 -0.796231 -0.0164353 137.268 0.796401 0.604651 0.0119505 90.9368 0.000422265 -0.0203164 0.999794 1.1176
0.598301 -0.801115 -0.0158089 137.762 0.80127 0.598161 0.0130043 91.5956 -0.000961743 -0.0204477 0.99979 1.1142
0.591972 -0.805822 -0.0148115 138.244 0.80592 0.591666 0.0205886 92.2695 -0.00782725 -0.0241247 0.999678 1.11004
0.585459 -0.810574 -0.0143841 138.721 0.810587 0.584986 0.0271954 92.9497 -0.0136294 -0.0275813 0.999527 1.10906
0.579275 -0.815044 -0.0119648 139.195 0.814943 0.578762 0.0300314 93.6258 -0.0175522 -0.0271471 0.999477 1.10563
0.57404 -0.818751 -0.0111549 139.666 0.818603 0.573512 0.0311866 94.3022 -0.0191366 -0.0270338 0.999451 1.09983
0.570412 -0.82128 -0.0113484 140.132 0.82116 0.569917 0.029825 94.981 -0.018027 -0.0263314 0.999491 1.09488
0.566748 -0.823695 -0.0179687 140.589 0.823804 0.566239 0.0268245 95.6605 -0.0119206 -0.0300054 0.999479 1.09115
0.5638 -0.82548 -0.026702 141.035 0.825887 0.563242 0.025871 96.3447 -0.00631631 -0.0366389 0.999309 1.08455
0.561522 -0.826938 -0.0294335 141.484 0.827457 0.561046 0.0232704 97.0307 -0.0027296 -0.0374218 0.999296 1.076
0.55894 -0.828737 -0.027945 141.943 0.829165 0.558246 0.0291214 97.7283 -0.00853376 -0.0394481 0.999185 1.06815
0.55712 -0.830057 -0.0249427 142.4 0.830239 0.556092 0.0382733 98.4339 -0.0178986 -0.0420312 0.998956 1.05911
0.554379 -0.831986 -0.021538 142.856 0.831852 0.553104 0.0457986 99.1357 -0.026191 -0.0433062 0.998718 1.05093
0.550436 -0.834614 -0.0209936 143.306 0.834527 0.549301 0.0428198 99.8256 -0.0242062 -0.0410892 0.998862 1.03814
0.546114 -0.837544 -0.0167311 143.759 0.837561 0.545528 0.0298439 100.504 -0.0158683 -0.0303114 0.999415 1.02247
0.540354 -0.841288 -0.0158664 144.205 0.841394 0.54004 0.020314 101.189 -0.00852149 -0.0243267 0.999668 1.00223
0.534517 -0.844957 -0.0184232 144.638 0.845099 0.534094 0.0234955 101.893 -0.010013 -0.0281281 0.999554 0.987804
0.528255 -0.848963 -0.0144644 145.075 0.848954 0.527795 0.0266323 102.604 -0.0149756 -0.0263483 0.999541 0.978094
0.521929 -0.852946 -0.00859364 145.516 0.85276 0.521529 0.028426 103.315 -0.019764 -0.0221647 0.999559 0.966904
0.51696 -0.856009 -0.000296134 145.956 0.855725 0.516779 0.0259549 104.031 -0.0220646 -0.013671 0.999663 0.950776
0.51174 -0.859131 0.00403089 146.391 0.858834 0.511677 0.0243098 104.753 -0.0229478 -0.00897842 0.999696 0.938239
0.506534 -0.862209 0.00424136 146.815 0.862041 0.506523 0.0178718 105.474 -0.0175576 -0.00539645 0.999831 0.925999
0.500526 -0.865702 0.00573945 147.236 0.86569 0.500554 0.0052588 106.188 -0.00742546 0.00233641 0.99997 0.910296
0.494549 -0.869065 0.0121541 147.662 0.86915 0.494495 -0.00733257 106.902 0.000362338 0.01419 0.999899 0.900298
0.488947 -0.872196 0.0143234 148.077 0.872282 0.489004 0.000489938 107.646 -0.00743152 0.0122545 0.999897 0.893525
0.484198 -0.874875 0.0120987 148.479 0.874721 0.484343 0.016573 108.407 -0.0203592 0.00255833 0.999789 0.888822
0.479777 -0.877323 0.0109338 148.878 0.876904 0.479888 0.0273332 109.165 -0.0292271 -0.00352594 0.999567 0.884139
0.476318 -0.879212 0.0103522 149.275 0.878839 0.47642 0.0258161 109.911 -0.0276298 -0.00319875 0.999613 0.869817
0.474836 -0.880064 0.00415049 149.665 0.879906 0.474833 0.0172775 110.652 -0.0171761 -0.00455196 0.999842 0.852924
0.472514 -0.881267 -0.00997238 150.044 0.881294 0.472376 0.013436 111.401 -0.00712994 -0.0151373 0.99986 0.840701
0.470778 -0.882171 -0.0119553 150.436 0.882244 0.470676 0.0104341 112.152 -0.00357755 -0.0154597 0.999874 0.832974
0.468357 -0.883526 -0.00480714 150.845 0.883512 0.468292 0.0104458 112.906 -0.00697799 -0.00913952 0.999934 0.830886
0.46793 -0.883766 -0.000426438 151.247 0.883621 0.467844 0.0183311 113.67 -0.0160009 -0.00895446 0.999832 0.827936
0.468145 -0.883651 0.00103067 151.643 0.883369 0.468025 0.0247344 114.438 -0.022339 -0.0106689 0.999694 0.826919
0.466708 -0.88441 0.001432 152.042 0.884161 0.466614 0.0230248 115.196 -0.0210315 -0.00947974 0.999734 0.824286
0.464982 -0.885319 -0.00158716 152.435 0.885216 0.464899 0.0161551 115.949 -0.0135645 -0.00891679 0.999868 0.820661
0.46319 -0.886257 0.0016607 152.837 0.886257 0.463192 0.00141763 116.691 -0.00202561 0.000815173 0.999998 0.81588
0.461251 -0.887222 0.00919413 153.244 0.887263 0.461183 -0.00858833 117.437 0.00337958 0.012119 0.999921 0.816197
0.460148 -0.887785 0.0100835 153.64 0.887842 0.460131 -0.00409455 118.202 -0.00100464 0.0108366 0.999941 0.821086
0.45892 -0.88842 0.0100996 154.03 0.888417 0.458992 0.0064946 118.973 -0.0104056 0.00599215 0.999928 0.831273
0.457335 -0.889231 0.0106718 154.415 0.889147 0.457445 0.0126955 119.733 -0.016171 0.00368274 0.999862 0.836796
0.45652 -0.889649 0.0107018 154.801 0.889627 0.456611 0.00839398 120.479 -0.0123542 0.00568855 0.999908 0.835124
0.456528 -0.889679 0.00734032 155.186 0.889689 0.456558 0.00293701 121.221 -0.00596427 0.00518978 0.999969 0.831645
0.456336 -0.889807 0.000539305 155.56 0.889797 0.456334 0.00443392 121.975 -0.00419143 -0.00154349 0.99999 0.830966
0.45591 -0.890026 -0.000249172 155.939 0.889986 0.455887 0.0095805 122.728 -0.0084133 -0.00458961 0.999954 0.834285
0.455137 -0.890419 -0.00193889 156.317 0.890348 0.455071 0.013846 123.477 -0.0114464 -0.00802812 0.999902 0.838246
0.454811 -0.890582 -0.00324869 156.694 0.890472 0.454689 0.0178245 124.225 -0.014397 -0.0109996 0.999836 0.836492
0.454343 -0.890801 -0.00681376 157.064 0.890712 0.454148 0.0195141 124.972 -0.0142887 -0.0149352 0.999786 0.834307
0.453837 -0.891061 -0.00641902 157.434 0.891002 0.453686 0.0168648 125.711 -0.0121154 -0.0133732 0.999837 0.832674
0.452993 -0.891446 -0.0109976 157.797 0.891492 0.45286 0.012609 126.441 -0.00625988 -0.015516 0.99986 0.827944
0.451892 -0.891984 -0.0125562 158.157 0.892058 0.451758 0.0121378 127.171 -0.00515431 -0.0166858 0.999847 0.821538
0.454407 -0.890701 -0.0128984 158.481 0.890783 0.454281 0.0116399 127.806 -0.00450817 -0.0167789 0.999849 0.815214
0.457095 -0.88932 -0.0131985 158.803 0.88941 0.456976 0.0111262 128.436 -0.00386334 -0.0168246 0.999851 0.808898
0.459778 -0.887931 -0.013502 159.125 0.888028 0.459667 0.0106143 129.066 -0.00321832 -0.0168704 0.999852 0.80258
0.462457 -0.886534 -0.0138086 159.447 0.886638 0.462354 0.0101044 129.696 -0.00257346 -0.0169161 0.999854 0.796264
0.465131 -0.885129 -0.0141184 159.769 0.88524 0.465036 0.00959657 130.326 -0.00192865 -0.0169618 0.999854 0.789947
0.467801 -0.883716 -0.0144314 160.091 0.883833 0.467715 0.00909056 130.956 -0.00128368 -0.0170075 0.999855 0.783629
0.470467 -0.882294 -0.0147476 160.413 0.882417 0.470389 0.00858652 131.586 -0.000638714 -0.0170532 0.999854 0.77731
0.473128 -0.880865 -0.015067 160.735 0.880993 0.473059 0.00808447 132.216 6.27633e-06 -0.0170989 0.999854 0.770991
0.475785 -0.879427 -0.0153896 161.057 0.879561 0.475725 0.00758443 132.846 0.000651268 -0.0171446 0.999853 0.764671
0.478438 -0.877981 -0.0157153 161.379 0.87812 0.478387 0.00708641 133.477 0.00129627 -0.0171903 0.999851 0.75835
0.481086 -0.876527 -0.0160441 161.701 0.876671 0.481044 0.00659044 134.107 0.00194125 -0.017236 0.99985 0.75203
0.483728 -0.875065 -0.0163761 162.023 0.875214 0.483697 0.00609663 134.737 0.0025861 -0.0172817 0.999847 0.74571
0.486366 -0.873595 -0.0167111 162.345 0.873749 0.486345 0.0056049 135.367 0.00323094 -0.0173273 0.999845 0.73939
0.489 -0.872117 -0.0170492 162.666 0.872275 0.488988 0.00511523 135.996 0.0038758 -0.017373 0.999842 0.733069
