0.471519 -0.881732 0.0147828 0.674891 0.881847 0.471523 -0.00340713 0.559726 -0.00396623 0.0146427 0.999885 0.791745
0.470459 -0.882287 0.0154489 1.09097 0.882411 0.47047 -0.00315605 1.37103 -0.00448371 0.0151171 0.999876 0.794096
0.468958 -0.883093 0.0150211 1.51063 0.883212 0.468959 -0.0036732 2.18431 -0.0038005 0.0149894 0.99988 0.796266
0.468012 -0.88358 0.0158237 1.93128 0.883718 0.467989 -0.00541075 3.00069 -0.00262447 0.016516 0.99986 0.79874
0.467262 -0.883958 0.016851 2.35705 0.88411 0.467258 -0.00440531 3.82446 -0.00397967 0.0169566 0.999848 0.800835
0.467129 -0.884019 0.0173616 2.78287 0.884154 0.467196 -0.000274736 4.65674 -0.00786838 0.0154786 0.999849 0.80562
0.467689 -0.8837 0.0184801 3.21217 0.883817 0.467821 0.00335548 5.49122 -0.0116106 0.0147637 0.999824 0.811
0.468863 -0.88303 0.0206372 3.64655 0.883155 0.469052 0.00525927 6.32832 -0.014324 0.01576 0.999773 0.811558
0.470097 -0.882356 0.021373 4.08253 0.882479 0.470312 0.00615442 7.16821 -0.0154824 0.015968 0.999753 0.807986
0.47122 -0.881788 0.02003 4.52002 0.881917 0.471386 0.00429228 8.00977 -0.0132268 0.0156422 0.99979 0.803187
0.472196 -0.881337 0.0166164 4.95965 0.881456 0.472266 0.000316469 8.85568 -0.0081263 0.0144972 0.999862 0.799763
0.473348 -0.880743 0.0152862 5.4043 0.880864 0.47336 -0.00306271 9.70574 -0.00453841 0.0149148 0.999878 0.797823
0.474016 -0.880337 0.0177972 5.85575 0.880499 0.474035 -0.00340213 10.5631 -0.00544148 0.0172831 0.999836 0.798729
0.47371 -0.880411 0.0217918 6.31075 0.880621 0.473821 -0.000107114 11.4274 -0.0102311 0.0192411 0.999763 0.798735
0.472828 -0.880752 0.026643 6.76756 0.881038 0.47304 0.00194493 12.2949 -0.0143162 0.0225539 0.999643 0.798108
0.471953 -0.880993 0.0333507 7.23084 0.881509 0.472164 -0.00172676 13.1579 -0.0142257 0.0302139 0.999442 0.792841
0.470705 -0.881635 0.0340171 7.68838 0.882231 0.470771 -0.00652687 14.0249 -0.01026 0.0330832 0.9994 0.785426
0.469498 -0.882378 0.0313101 8.14173 0.882914 0.469427 -0.0100568 14.8993 -0.0058239 0.0323657 0.999459 0.782208
0.467851 -0.883298 0.0300035 8.6044 0.883797 0.467738 -0.0111058 15.7972 -0.004224 0.0317129 0.999488 0.791794
0.466834 -0.883798 0.0311064 9.08754 0.884322 0.466785 -0.0092602 16.7388 -0.00633585 0.0318311 0.999473 0.82513
0.465799 -0.884386 0.0298722 9.56115 0.884841 0.465866 -0.00510241 17.6716 -0.0094039 0.0288088 0.999541 0.850744
0.464629 -0.884993 0.030127 10.0357 0.885444 0.464729 -0.00401181 18.6029 -0.0104505 0.0285398 0.999538 0.874533
0.463646 -0.885495 0.0305236 10.5064 0.885931 0.463814 -0.00173826 19.5252 -0.0126181 0.0278478 0.999533 0.889163
0.463423 -0.885526 0.0329029 10.9778 0.885985 0.463712 0.00131853 20.4506 -0.0164251 0.0285404 0.999458 0.903452
0.462932 -0.885929 0.0286987 11.4339 0.886209 0.463255 0.00543462 21.3682 -0.0181095 0.0229172 0.999573 0.907496
0.462953 -0.885937 0.0281228 11.8931 0.886189 0.463282 0.00620278 22.2841 -0.0185241 0.0220506 0.999585 0.911122
0.46288 -0.885992 0.0275842 12.3504 0.886261 0.463164 0.00460866 23.1879 -0.0168593 0.0223135 0.999609 0.909236
0.463145 -0.885952 0.0242028 12.8005 0.88617 0.463349 0.00327668 24.0896 -0.0141173 0.0199302 0.999702 0.911991
0.462366 -0.886363 0.0240424 13.2539 0.886582 0.462561 0.00300533 24.9839 -0.0137849 0.019926 0.999706 0.918787
0.461154 -0.886922 0.0265771 13.7096 0.887189 0.461394 0.00338187 25.8763 -0.0152619 0.0220193 0.999641 0.923132
0.460352 -0.88733 0.0268639 14.158 0.887589 0.460617 0.00431695 26.7673 -0.0162045 0.0218567 0.99963 0.929815
0.460141 -0.887535 0.0235066 14.5975 0.887731 0.460346 0.00388124 27.6527 -0.0142659 0.0190816 0.999716 0.93483
0.459651 -0.887864 0.0204658 15.0343 0.888053 0.45974 -0.000399462 28.5309 -0.00905427 0.0183583 0.99979 0.937399
0.459248 -0.888094 0.019517 15.4754 0.888273 0.459314 -0.00121411 29.4096 -0.0078862 0.017894 0.999809 0.939381
0.458886 -0.888239 0.0213241 15.9191 0.888427 0.459015 0.00132014 30.2881 -0.0109607 0.0183392 0.999772 0.948623
0.458531 -0.88832 0.0252141 16.361 0.888568 0.458737 0.00272737 31.1608 -0.0139894 0.0211538 0.999678 0.952627
0.458249 -0.888417 0.0268981 16.7993 0.888697 0.458485 0.00300995 32.0296 -0.0150065 0.022525 0.999634 0.95514
0.458141 -0.888401 0.0291571 17.2357 0.888766 0.45836 0.000960606 32.8899 -0.0142179 0.0254737 0.999574 0.954579
0.457725 -0.888543 0.0313008 17.6765 0.889006 0.45789 -0.00209638 33.7492 -0.0124696 0.0287862 0.999508 0.953199
0.456669 -0.889023 0.0330363 18.1107 0.88954 0.456852 -0.00220577 34.6057 -0.0131317 0.0303944 0.999452 0.95219
0.455556 -0.889412 0.0376093 18.5478 0.890038 0.455886 0.000222034 35.4658 -0.017343 0.0333726 0.999292 0.948875
0.454854 -0.889582 0.0418448 18.9786 0.890275 0.455403 0.0041447 36.3276 -0.0227433 0.0353682 0.999116 0.940933
0.454281 -0.889879 0.0417669 19.4 0.890507 0.45492 0.00677398 37.1841 -0.0250286 0.0341165 0.999104 0.932599
0.453043 -0.890625 0.0392323 19.8198 0.891203 0.453573 0.00535717 38.0288 -0.022566 0.0325369 0.999216 0.926152
0.45201 -0.891361 0.0341054 20.2358 0.891895 0.452241 -0.00105802 38.8572 -0.0144808 0.0308967 0.999418 0.919538
0.451231 -0.891887 0.0304644 20.6487 0.892368 0.45127 -0.00598573 39.6769 -0.00840908 0.0298864 0.999518 0.917852
0.450045 -0.892618 0.0263001 21.0492 0.892959 0.450128 -0.00301713 40.4981 -0.00914528 0.0248428 0.99965 0.920365
0.449159 -0.893112 0.0246607 21.4478 0.893373 0.449315 0.000907575 41.307 -0.011891 0.0216235 0.999695 0.92826
0.447878 -0.893798 0.0230344 21.8385 0.893989 0.448072 0.00382902 42.1033 -0.0137435 0.0188776 0.999727 0.936252
0.446794 -0.894354 0.0225002 22.2238 0.894544 0.446968 0.00311507 42.8847 -0.0128428 0.0187356 0.999742 0.93883
0.445318 -0.895111 0.0216298 22.6005 0.89527 0.445503 0.00440795 43.6564 -0.0135817 0.0174016 0.999756 0.941488
0.443951 -0.895809 0.020807 22.9709 0.895938 0.444144 0.00553715 44.4164 -0.0142016 0.0161836 0.999768 0.946241
0.442482 -0.896523 0.0213889 23.3367 0.89665 0.442695 0.00631708 45.1643 -0.0151322 0.0163832 0.999751 0.949818
0.441153 -0.897158 0.0221658 23.6971 0.897293 0.441385 0.00668022 45.9016 -0.0157769 0.0169423 0.999732 0.951075
0.439833 -0.897828 0.0212625 24.0471 0.897899 0.440096 0.009632 46.6283 -0.0180054 0.0148552 0.999728 0.952698
0.438648 -0.898394 0.0218323 24.3921 0.898378 0.438989 0.0143436 47.3481 -0.0224703 0.0133219 0.999659 0.952675
0.436914 -0.899266 0.020642 24.733 0.89917 0.437262 0.0171682 48.0497 -0.0244647 0.0110597 0.99964 0.956151
0.435588 -0.899999 0.0162684 25.0563 0.899898 0.435821 0.015592 48.7331 -0.0211229 0.00784821 0.999746 0.960108
0.434618 -0.900536 0.0119226 25.3721 0.90051 0.434731 0.00955262 49.3963 -0.0137856 0.00658466 0.999883 0.964362
0.43336 -0.901165 0.0100176 25.6794 0.901184 0.433416 0.00419068 50.0423 -0.0081183 0.00721165 0.999941 0.96558
0.432949 -0.901381 0.00827237 25.9775 0.901401 0.43298 0.00234436 50.675 -0.00569494 0.00644174 0.999963 0.971071
0.432221 -0.901735 0.00770757 26.2651 0.901725 0.432268 0.00607215 51.2918 -0.00880721 0.00432559 0.999952 0.982901
0.431014 -0.902307 0.00832683 26.5464 0.902265 0.43108 0.0093422 51.8881 -0.0120191 0.00348639 0.999922 1.00032
0.429868 -0.902841 0.00952912 26.8216 0.902843 0.42993 0.00580331 52.4605 -0.00933633 0.00610865 0.999938 1.01222
0.42986 -0.902785 0.0141517 27.0945 0.902884 0.429881 -0.00172662 53.0119 -0.00452479 0.0135196 0.999898 1.02159
0.430764 -0.902334 0.0153412 27.3553 0.902464 0.430681 -0.00849074 53.5481 0.00105433 0.0175024 0.999846 1.0338
0.433308 -0.901141 0.0137773 27.6052 0.901244 0.433224 -0.00870676 54.0766 0.00187737 0.0161894 0.999867 1.04611
0.436694 -0.899553 0.0101459 27.8477 0.899609 0.436682 -0.00348129 54.596 -0.00129892 0.0106476 0.999942 1.0603
0.440705 -0.897562 0.0127338 28.0941 0.89764 0.440727 -0.00119749 55.0959 -0.0045373 0.0119581 0.999918 1.07104
0.445267 -0.895205 0.0185749 28.3468 0.895356 0.44535 0.000340283 55.5786 -0.00857696 0.0164797 0.999827 1.08296
0.452154 -0.891609 0.0243031 28.5949 0.891845 0.452335 0.00226452 56.0488 -0.0130122 0.0206507 0.999702 1.09545
0.461278 -0.88698 0.0221267 28.8318 0.88716 0.461451 0.00315721 56.5046 -0.0130108 0.0181736 0.99975 1.10337
0.474135 -0.880286 0.0170924 29.0593 0.880356 0.474281 0.0055673 56.9524 -0.0130074 0.0124077 0.999838 1.11009
0.489774 -0.871752 0.0130602 29.2917 0.871736 0.489897 0.00877715 57.3827 -0.0140496 0.00708621 0.999876 1.11531
0.508188 -0.861129 0.0141989 29.5366 0.861115 0.508329 0.00909049 57.7894 -0.0150458 0.0076072 0.999858 1.1178
0.529879 -0.847886 0.0178119 29.7906 0.847909 0.530073 0.00855287 58.1758 -0.0166935 0.0105709 0.999805 1.1219
0.553939 -0.832316 0.0200388 30.0508 0.832341 0.554183 0.00946649 58.5484 -0.0189843 0.0114352 0.999754 1.12516
0.580416 -0.81404 0.0213811 30.3185 0.814039 0.580705 0.0110241 58.9083 -0.0213902 0.0110065 0.999711 1.1273
0.609773 -0.792268 0.0221172 30.5973 0.792239 0.61009 0.0121427 59.2511 -0.0231138 0.0101178 0.999682 1.12724
0.641585 -0.766729 0.0222424 30.8854 0.766673 0.64191 0.0128038 59.5784 -0.0240947 0.00883793 0.999671 1.1248
0.675202 -0.737279 0.0228317 31.1857 0.737202 0.675542 0.0132873 59.8839 -0.0252202 0.00786001 0.999651 1.12386
0.710393 -0.703498 0.0208086 31.495 0.703373 0.710682 0.0140418 60.166 -0.0246667 0.004661 0.999685 1.12533
0.747152 -0.664378 0.0191339 31.8158 0.664251 0.747392 0.0132648 60.4236 -0.0231134 0.00279893 0.999729 1.12574
0.784168 -0.620273 0.0185068 32.147 0.620148 0.784384 0.012545 60.6548 -0.0222978 0.00163962 0.99975 1.12202
0.82016 -0.571861 0.0176762 32.4868 0.571728 0.82035 0.0123397 60.8597 -0.0215572 -1.45347e-05 0.999768 1.11531
0.854501 -0.519177 0.0168189 32.8341 0.519048 0.854666 0.0116326 61.0376 -0.020414 -0.00121026 0.999791 1.10772
0.886216 -0.462951 0.017243 33.1904 0.462865 0.886384 0.00890949 61.1845 -0.0194086 8.5451e-05 0.999812 1.10207
0.91411 -0.40509 0.0174733 33.5505 0.405008 0.914277 0.00817745 61.3082 -0.019288 -0.000398271 0.999814 1.10046
0.938021 -0.346022 0.0196061 33.9171 0.345923 0.938226 0.00834818 61.409 -0.0212836 -0.00104857 0.999773 1.09817
0.957908 -0.286232 0.021983 34.2915 0.286058 0.958152 0.0107739 61.4868 -0.0241469 -0.00403206 0.9997 1.09192
0.973808 -0.226135 0.0236832 34.6669 0.225932 0.974082 0.010957 61.5396 -0.0255472 -0.00531921 0.999659 1.08386
0.985751 -0.166518 0.0237963 35.0459 0.166369 0.98603 0.00810082 61.5618 -0.0248128 -0.00402643 0.999684 1.07485
0.993769 -0.108801 0.0241835 35.4221 0.108776 0.994063 0.00235731 61.5608 -0.0242964 0.000287963 0.999705 1.0672
0.998289 -0.0534752 0.0236633 35.7964 0.0533979 0.998566 0.00388742 61.5476 -0.0238372 -0.0026172 0.999712 1.06233
0.999726 0.000700234 0.0233924 36.1729 -0.000901151 0.999963 0.00857954 61.522 -0.0233855 -0.00859827 0.99969 1.05602
0.998427 0.0513614 0.0225048 36.5491 -0.0516055 0.998613 0.0104046 61.4761 -0.0219392 -0.0115496 0.999693 1.04905
0.995 0.0975045 0.0216142 36.9193 -0.0976229 0.995213 0.00449212 61.4022 -0.0210727 -0.0065797 0.999756 1.04128
0.989938 0.139744 0.0222327 37.2921 -0.139551 0.990164 -0.0100372 61.3012 -0.0234167 0.00683357 0.999702 1.02973
0.983969 0.176771 0.0236049 37.6629 -0.176421 0.984182 -0.016183 61.198 -0.0260923 0.0117592 0.99959 1.02023
0.977418 0.210212 0.0215639 38.0371 -0.209961 0.977619 -0.013331 61.1011 -0.0238836 0.00850241 0.999679 1.01313
0.970272 0.241178 0.0201108 38.414 -0.241197 0.970475 -0.00154721 61.0072 -0.0198902 -0.00334945 0.999797 1.01322
0.962809 0.269513 0.0190298 38.7916 -0.269661 0.962939 0.00564699 60.8959 -0.0168026 -0.0105686 0.999803 1.01672
0.955514 0.294455 0.0169702 39.1726 -0.294583 0.95561 0.00549768 60.7602 -0.0145981 -0.0102522 0.999841 1.01565
0.94818 0.317448 0.0134872 39.5538 -0.317486 0.948263 0.000724108 60.6057 -0.0125595 -0.00496857 0.999909 1.0113
0.94152 0.336934 0.00383876 39.9398 -0.336915 0.941523 -0.00477382 60.434 -0.00522274 0.00320131 0.999981 0.991503
0.934693 0.35543 -0.00438652 40.3349 -0.355446 0.93469 -0.00358807 60.2643 0.00282473 0.00491292 0.999984 0.973312
0.928186 0.372088 -0.00458592 40.7486 -0.372094 0.928195 -0.000557146 60.089 0.00404932 0.00222353 0.999989 0.968207
0.922286 0.386504 0.00167935 41.1773 -0.386505 0.922287 0.000442813 59.9002 -0.0013777 -0.00105748 0.999999 0.97388
0.91649 0.400022 0.00527562 41.6077 -0.400023 0.916505 -0.000873649 59.6951 -0.00518461 -0.00130968 0.999986 0.979355
0.910944 0.412478 0.00659333 42.0436 -0.412463 0.910967 -0.00353964 59.4766 -0.00746634 0.0005049 0.999972 0.981542
0.90594 0.423367 0.00577645 42.4859 -0.423326 0.905949 -0.00711226 59.245 -0.00824427 0.00399795 0.999958 0.979421
0.901426 0.432916 0.0038176 42.9397 -0.432865 0.901407 -0.00966894 59.0032 -0.00762704 0.00706333 0.999946 0.977365
0.897647 0.44071 0.00223751 43.4066 -0.440661 0.897604 -0.01123 58.7526 -0.00695757 0.00909459 0.999934 0.975744
0.894941 0.446182 0.00121058 43.8879 -0.446134 0.894878 -0.0125573 58.492 -0.00668617 0.010698 0.99992 0.972594
0.892315 0.451414 -0.00041495 44.3827 -0.451379 0.892233 -0.0132829 58.2234 -0.00562584 0.0120398 0.999912 0.966994
0.889428 0.457074 -0.00139389 44.8952 -0.457051 0.889345 -0.0130421 57.9444 -0.00472156 0.0122371 0.999914 0.959658
0.887265 0.461253 -0.00249977 45.4242 -0.461235 0.88715 -0.0150448 57.6519 -0.00472177 0.0145017 0.999884 0.954524
0.885608 0.464423 -0.00316325 45.9623 -0.464408 0.885466 -0.0165855 57.3455 -0.00490176 0.0161573 0.999857 0.948389
0.883972 0.467527 -0.00332678 46.5186 -0.467509 0.883812 -0.0176289 57.0312 -0.00530173 0.0171387 0.999839 0.943366
0.882472 0.470351 -0.0035266 47.087 -0.470327 0.882283 -0.0192181 56.7026 -0.00592781 0.0186181 0.999809 0.937402
0.881764 0.471659 -0.00544905 47.6684 -0.471651 0.881479 -0.0232392 56.3646 -0.00615774 0.0230615 0.999715 0.930966
0.881821 0.47153 -0.00713158 48.2615 -0.471541 0.881437 -0.0267935 56.0159 -0.00634791 0.02699 0.999616 0.923038
0.882598 0.470059 -0.00803764 48.8743 -0.470084 0.882156 -0.0286666 55.6637 -0.00638456 0.0290795 0.999557 0.915675
0.884037 0.467319 -0.00953923 49.5032 -0.467379 0.883523 -0.03073 55.3069 -0.0059326 0.0316249 0.999482 0.909019
0.885769 0.464022 -0.00985964 50.1489 -0.464089 0.885224 -0.0316099 54.9437 -0.00593969 0.0325748 0.999452 0.902759
0.88752 0.460681 -0.00907651 50.8142 -0.460709 0.886911 -0.0336883 54.5796 -0.00746949 0.0340807 0.999391 0.900304
0.889304 0.457249 -0.0078632 51.494 -0.457232 0.888677 -0.0345282 54.2131 -0.00880015 0.0343014 0.999373 0.898364
0.891152 0.45368 -0.00465068 52.1935 -0.453572 0.8906 -0.0332324 53.8466 -0.010935 0.0317246 0.999437 0.894014
0.892964 0.450118 -0.00308567 52.899 -0.449967 0.89244 -0.0328716 53.4785 -0.0120423 0.0307416 0.999455 0.888515
0.894754 0.446551 -0.0026992 53.6144 -0.44642 0.894306 -0.0304281 53.1116 -0.0111738 0.0284306 0.999533 0.884926
0.896258 0.443509 -0.00452746 54.3338 -0.44346 0.895881 -0.0272158 52.7465 -0.00801441 0.0264002 0.999619 0.883862
0.896887 0.4422 -0.0073302 55.0596 -0.442255 0.896671 -0.0197674 52.3845 -0.00216837 0.020971 0.999778 0.883026
0.896741 0.44247 -0.00868852 55.7882 -0.442555 0.896597 -0.016114 52.0157 0.000660128 0.0182952 0.999832 0.882526
0.896771 0.442427 -0.0077292 56.5201 -0.442494 0.896664 -0.0138651 51.6453 0.000796214 0.0158539 0.999874 0.88978
0.896735 0.44255 -0.00391315 57.254 -0.442563 0.896651 -0.0124756 51.2748 -0.00201234 0.0129191 0.999915 0.901075
0.896665 0.442693 -0.00372975 57.9834 -0.442701 0.896569 -0.013429 50.9004 -0.00260096 0.0136925 0.999903 0.909742
0.896743 0.442549 -0.00169503 58.7135 -0.442536 0.896669 -0.012117 50.5268 -0.0038425 0.011616 0.999925 0.919181
0.8966 0.442841 -0.000802177 59.4412 -0.442823 0.896545 -0.0106759 50.1519 -0.00400853 0.00992723 0.999943 0.931841
0.896632 0.442777 -0.000283848 60.1679 -0.442764 0.896602 -0.00809987 49.7823 -0.00333193 0.00738828 0.999967 0.940683
0.896103 0.443845 0.000117461 60.8933 -0.443839 0.896093 -0.00494368 49.4126 -0.00229949 0.00437792 0.999988 0.948996
0.894887 0.446291 0.0015705 61.6185 -0.446287 0.894887 -0.00238076 49.0431 -0.00246793 0.00142961 0.999996 0.95784
0.893168 0.449705 0.00407367 62.3417 -0.449707 0.893176 -0.000547683 48.67 -0.0038848 -0.00134278 0.999992 0.967145
0.890962 0.454016 0.00744037 63.0644 -0.454031 0.890986 0.000273789 48.2938 -0.00650496 -0.00362209 0.999972 0.977664
0.888063 0.459598 0.0106591 63.7828 -0.459634 0.888108 0.00111529 47.9114 -0.00895388 -0.00588975 0.999943 0.986646
0.884616 0.466183 0.0113023 64.4933 -0.466229 0.884662 0.00172546 47.5233 -0.00919434 -0.00679583 0.999935 0.993963
0.880521 0.473882 0.0108824 65.1956 -0.473936 0.880555 0.0028671 47.1321 -0.00822384 -0.00768208 0.999937 0.999175
0.875687 0.482772 0.0101297 65.891 -0.482821 0.875714 0.0029231 46.7305 -0.00745955 -0.00745056 0.999944 1.00382
0.87068 0.491739 0.010435 66.5798 -0.491781 0.870717 0.00175286 46.3248 -0.00822397 -0.00665791 0.999944 1.00988
0.8653 0.501103 0.0123362 67.2606 -0.501161 0.865352 0.00196827 45.9165 -0.00968888 -0.00788559 0.999922 1.0163
0.859634 0.510755 0.0125957 67.9353 -0.510804 0.859697 0.000765655 45.4984 -0.0104374 -0.00709211 0.99992 1.0189
0.853883 0.520312 0.0126059 68.6004 -0.520359 0.853947 0.000536795 45.0755 -0.0104855 -0.00701796 0.99992 1.02142
0.84805 0.529776 0.0121735 69.256 -0.529824 0.848107 0.000893767 44.65 -0.00985092 -0.00720776 0.999925 1.02489
0.842287 0.538906 0.0115776 69.904 -0.538959 0.84233 0.00186268 44.22 -0.00874834 -0.00780875 0.999931 1.02778
0.836642 0.547649 0.0105071 70.5411 -0.547695 0.836676 0.00194065 43.7866 -0.00772822 -0.0073783 0.999943 1.03026
0.831328 0.555699 0.00961705 71.1671 -0.555737 0.831356 0.00175505 43.3505 -0.00701991 -0.00680358 0.999952 1.03384
0.825912 0.563726 0.00907351 71.7822 -0.563761 0.825937 0.0015821 42.9111 -0.00660227 -0.00642196 0.999958 1.039
0.820487 0.571596 0.00884968 72.3886 -0.571627 0.820512 0.00125124 42.472 -0.00654607 -0.00608535 0.99996 1.04302
0.81544 0.578779 0.00848566 72.9835 -0.578801 0.815469 8.596e-05 42.0297 -0.00687004 -0.0049816 0.999964 1.04828
0.811016 0.584957 0.00883114 73.5693 -0.584966 0.811056 -0.00187593 41.5867 -0.00825989 -0.0036445 0.999959 1.05368
0.807808 0.589382 0.00867291 74.1436 -0.58936 0.807854 -0.00509857 41.1453 -0.0100114 -0.000992799 0.999949 1.06091
0.805348 0.59274 0.00859273 74.7123 -0.592679 0.805392 -0.00871525 40.7046 -0.0120864 0.00192609 0.999925 1.06427
0.803554 0.595168 0.00872433 75.272 -0.595077 0.803593 -0.0110433 40.271 -0.0135834 0.00368226 0.999901 1.06612
0.802451 0.596648 0.00906671 75.8188 -0.596544 0.802492 -0.0118776 39.8478 -0.0143627 0.00412247 0.999888 1.06782
0.801807 0.597518 0.00882531 76.356 -0.59741 0.801843 -0.0122068 39.4316 -0.0143703 0.0045152 0.999887 1.0688
0.802159 0.597064 0.00737066 76.878 -0.596961 0.802174 -0.0123962 39.0257 -0.0133139 0.00554377 0.999896 1.06966
0.803792 0.594883 0.00574245 77.3873 -0.594787 0.803784 -0.0126595 38.6322 -0.0121466 0.0067601 0.999903 1.07077
0.806624 0.591044 0.00494145 77.8863 -0.590957 0.806609 -0.0123398 38.2541 -0.0112792 0.00703337 0.999912 1.07252
0.811067 0.584934 0.00477193 78.3738 -0.584857 0.811055 -0.0115412 37.8951 -0.0106212 0.00656983 0.999922 1.07519
0.817271 0.576232 0.00489457 78.8503 -0.576163 0.817265 -0.0106769 37.5522 -0.0101526 0.00590589 0.999931 1.07913
0.824868 0.565305 0.00485421 79.3141 -0.565239 0.824862 -0.0103981 37.228 -0.00988212 0.00583324 0.999934 1.08385
0.834152 0.551519 0.00416128 79.769 -0.551471 0.834147 -0.00890796 36.928 -0.00838402 0.00513577 0.999952 1.08821
0.845233 0.534392 0.00236268 80.2243 -0.534368 0.845225 -0.00666431 36.6458 -0.00555835 0.00437036 0.999975 1.09622
0.857705 0.514142 0.000253803 80.6802 -0.514137 0.857699 -0.00384318 36.3793 -0.00219362 0.00316582 0.999993 1.10457
0.871652 0.490125 -0.000804 81.1405 -0.490126 0.87165 -0.00188358 36.1255 -0.000222384 0.00203589 0.999998 1.11133
0.887029 0.461714 -0.000495812 81.6071 -0.461715 0.887028 -0.00108784 35.8879 -6.24734e-05 0.00119387 0.999999 1.11838
0.903569 0.42844 0.00130972 82.0791 -0.428437 0.903569 -0.00195541 35.6686 -0.0020212 0.00120572 0.999997 1.12594
0.920583 0.390519 0.00465931 82.5584 -0.390511 0.920595 -0.00258072 35.4735 -0.00529715 0.000556253 0.999986 1.13461
0.937074 0.349002 0.00952013 83.0421 -0.348992 0.937122 -0.00276528 35.3039 -0.00988661 -0.000731178 0.999951 1.14291
0.952783 0.303323 0.0141407 83.5333 -0.303339 0.952882 -0.00104164 35.1572 -0.0137904 -0.00329696 0.9999 1.15122
0.967247 0.253282 0.0167878 84.0245 -0.253335 0.967378 0.00112241 35.0458 -0.0159559 -0.0053386 0.999858 1.16023
0.979909 0.198713 0.0171003 84.5112 -0.198769 0.980045 0.00164964 34.9607 -0.0164312 -0.00501549 0.999852 1.16379
0.990183 0.139008 0.0146313 84.9938 -0.139004 0.990291 -0.00132917 34.9015 -0.014674 -0.000717681 0.999892 1.16721
0.997147 0.0748363 0.00990862 85.4696 -0.0748113 0.997194 -0.00287524 34.8779 -0.010096 0.00212576 0.999947 1.1709
0.999957 0.00835264 0.00403121 85.9411 -0.00832947 0.999949 -0.00573106 34.8866 -0.00407887 0.00569723 0.999976 1.17515
0.998233 -0.059423 -0.00021208 86.4069 0.0594216 0.998224 -0.00423819 34.9356 0.00046355 0.0042181 0.999991 1.17798
0.991856 -0.127315 -0.00353001 86.8663 0.127305 0.991859 -0.00292385 35.0182 0.00387352 0.00245065 0.99999 1.18116
0.980802 -0.194918 -0.00579607 87.3183 0.194896 0.980815 -0.00410918 35.1296 0.00648582 0.00290067 0.999975 1.18602
0.965359 -0.260874 -0.00519441 87.762 0.260842 0.965362 -0.00617384 35.2693 0.00662508 0.00460505 0.999967 1.19399
0.945643 -0.325204 -0.00100281 88.1958 0.325193 0.94563 -0.00584929 35.4405 0.00285049 0.00520524 0.999982 1.20389
0.921687 -0.3879 0.0052686 88.6162 0.387923 0.921681 -0.00446139 35.6433 -0.00312539 0.00615581 0.999976 1.21518
0.894489 -0.446978 0.0100199 89.0215 0.447017 0.894523 -0.00197804 35.8777 -0.00807887 0.00624839 0.999948 1.2248
0.865052 -0.501445 0.0154429 89.4163 0.501491 0.865162 0.000964943 36.136 -0.0138445 0.00690976 0.99988 1.23068
0.835033 -0.549892 0.0183836 89.7978 0.549886 0.835219 0.00581752 36.4201 -0.0185533 0.00525106 0.999814 1.23785
0.806082 -0.591504 0.0188458 90.1648 0.591439 0.806295 0.00942449 36.7237 -0.0207698 0.0035492 0.999778 1.24096
0.779605 -0.626057 0.0163748 90.5215 0.625848 0.779773 0.0164056 37.0538 -0.0230395 -0.00254172 0.999731 1.23728
0.755764 -0.65473 0.012219 90.8671 0.654506 0.755841 0.0180287 37.3901 -0.0210396 -0.00562805 0.999763 1.2283
0.733915 -0.679172 0.00974195 91.2129 0.678953 0.733946 0.0185945 37.735 -0.0197789 -0.00703245 0.99978 1.21848
0.717347 -0.696588 0.0133609 91.5634 0.696453 0.717471 0.0136905 38.0788 -0.0191227 -0.000515616 0.999817 1.21191
0.70578 -0.708254 0.0158225 91.9118 0.708162 0.705952 0.0118032 38.4325 -0.0195296 0.00287446 0.999805 1.2104
0.69637 -0.717566 0.012937 92.2574 0.717434 0.69649 0.013806 38.8019 -0.0189172 -0.000332619 0.999821 1.20331
0.689197 -0.724519 0.00892817 92.6068 0.724325 0.689231 0.0177148 39.1851 -0.0189883 -0.00574207 0.999803 1.18979
0.684581 -0.72893 0.0030194 92.9582 0.728722 0.684474 0.0214567 39.5759 -0.0177071 -0.0124885 0.999765 1.18256
0.682447 -0.730926 -0.00361035 93.3181 0.730801 0.68222 0.0224837 39.9728 -0.0139709 -0.0179824 0.999741 1.18007
0.681774 -0.731536 -0.00625766 93.6894 0.731467 0.681522 0.0219774 40.372 -0.0118125 -0.0195609 0.999739 1.18154
0.683368 -0.730039 -0.00716525 94.0725 0.730018 0.68316 0.0191219 40.7745 -0.0090647 -0.018298 0.999792 1.18131
0.686464 -0.727103 -0.00938817 94.4665 0.72716 0.686364 0.01191 41.1798 -0.00221612 -0.0150025 0.999885 1.17645
0.689542 -0.724148 -0.0119116 94.8663 0.724239 0.689512 0.00712988 41.5934 0.00305009 -0.0135432 0.999904 1.17261
0.69272 -0.721049 -0.015069 95.2757 0.721203 0.692637 0.0110067 42.027 0.00250092 -0.0184924 0.999826 1.17522
0.696815 -0.717082 -0.0155479 95.6949 0.717249 0.696608 0.0170418 42.4706 -0.00138954 -0.0230267 0.999734 1.18013
0.700382 -0.71368 -0.0112102 96.1339 0.713744 0.700141 0.0192934 42.9124 -0.0059206 -0.021514 0.999751 1.18483
0.703079 -0.711095 -0.00484355 96.5862 0.711014 0.702853 0.0213612 43.3581 -0.0117855 -0.0184624 0.99976 1.18812
0.705561 -0.70865 -0.00018847 97.0457 0.708453 0.705359 0.0237199 43.8121 -0.0166762 -0.0168694 0.999719 1.18916
0.70786 -0.706343 0.00373056 97.512 0.706123 0.707754 0.0217751 44.2696 -0.018021 -0.0127795 0.999756 1.18502
0.708311 -0.705884 0.00494245 97.9859 0.705734 0.708278 0.0168115 44.7293 -0.0153676 -0.00841972 0.999846 1.18061
0.708178 -0.706029 0.00256894 98.4624 0.705971 0.708158 0.0108213 45.1968 -0.00945941 -0.00584984 0.999938 1.17675
0.707778 -0.70643 -0.00272882 98.9413 0.706434 0.707763 0.00486143 45.6752 -0.00150291 -0.00536854 0.999985 1.17313
0.706125 -0.708045 -0.00777853 99.4299 0.708081 0.706123 0.00351422 46.1678 0.00300437 -0.00798931 0.999964 1.17066
0.704315 -0.709869 -0.00505805 99.9331 0.709887 0.70429 0.00596045 46.6729 -0.000668811 -0.00778868 0.999969 1.17068
0.703044 -0.711144 0.00189985 100.45 0.711102 0.703028 0.00924437 47.1886 -0.00790972 -0.00514821 0.999955 1.17579
0.701173 -0.71297 0.00553636 100.969 0.712838 0.701162 0.0152713 47.7153 -0.0147699 -0.00676132 0.999868 1.18155
0.699795 -0.714337 0.003183 101.486 0.714196 0.699733 0.0172501 48.2493 -0.0145496 -0.00979824 0.999846 1.18147
0.698437 -0.715663 -0.00355265 102.003 0.715603 0.698292 0.017337 48.7923 -0.00992669 -0.0146511 0.999843 1.17785
0.69584 -0.718159 -0.00742252 102.533 0.718183 0.695724 0.0134722 49.338 -0.00451117 -0.0147052 0.999882 1.17315
0.692861 -0.721018 -0.00872216 103.07 0.72107 0.692791 0.00991408 49.8938 -0.0011056 -0.0131584 0.999913 1.17106
0.690097 -0.723688 -0.00650103 103.618 0.723713 0.690033 0.00972389 50.4623 -0.00255114 -0.0114153 0.999932 1.17351
0.687464 -0.726214 -0.00261907 104.171 0.726208 0.68743 0.0079381 51.0365 -0.00396433 -0.00735914 0.999965 1.17842
0.68604 -0.727564 5.62415e-05 104.732 0.727532 0.68601 0.00937414 51.6237 -0.00685887 -0.00639012 0.999956 1.18353
0.684879 -0.728648 0.00373273 105.303 0.728596 0.684878 0.00951302 52.2267 -0.00948811 -0.00379561 0.999948 1.18355
0.684369 -0.729088 0.00837699 105.878 0.729055 0.684419 0.00698828 52.828 -0.0108284 0.00132472 0.999941 1.18237
0.683894 -0.729531 0.00862039 106.453 0.72948 0.683948 0.00856963 53.4403 -0.0121477 0.000427686 0.999926 1.18317
0.684245 -0.729239 0.00433499 107.023 0.729178 0.684248 0.0102493 54.0565 -0.0104404 -0.00385205 0.999938 1.18349
0.684698 -0.728824 -0.00182606 107.596 0.728791 0.684637 0.0116759 54.6771 -0.00725946 -0.00932525 0.99993 1.1831
0.685245 -0.728265 -0.00833413 108.171 0.72829 0.685088 0.0157777 55.3011 -0.00578074 -0.0168812 0.999841 1.18183
0.687103 -0.726438 -0.0133172 108.751 0.726532 0.6868 0.0213873 55.9325 -0.00639032 -0.0243706 0.999683 1.18472
0.689482 -0.724164 -0.0141945 109.339 0.724245 0.689047 0.0261361 56.5623 -0.00914616 -0.0283006 0.999558 1.19005
0.691292 -0.722424 -0.0147982 109.934 0.722524 0.690855 0.0260375 57.1858 -0.00858669 -0.0286916 0.999551 1.19296
0.6928 -0.720943 -0.0164204 110.53 0.72111 0.692431 0.0232377 57.8106 -0.00538312 -0.02794 0.999595 1.19123
0.693528 -0.72035 -0.0106609 111.143 0.720402 0.693297 0.0189984 58.4426 -0.00629433 -0.0208561 0.999763 1.18194
0.69384 -0.720106 -0.00582413 111.754 0.720103 0.693724 0.014104 59.0678 -0.00611601 -0.0139799 0.999884 1.17801
0.694905 -0.719087 -0.00456677 112.36 0.719075 0.694812 0.0129308 59.6955 -0.00612531 -0.0122695 0.999906 1.1774
0.695651 -0.718355 -0.00595578 112.961 0.718336 0.695494 0.016784 60.3297 -0.00791468 -0.0159541 0.999841 1.17458
0.696309 -0.717729 -0.00431309 113.564 0.717623 0.696071 0.0223875 60.9645 -0.0130659 -0.0186838 0.99974 1.17111
0.696999 -0.717062 -0.00367498 114.167 0.716816 0.696605 0.0302499 61.5946 -0.019131 -0.0237184 0.999536 1.17222
0.697919 -0.716148 -0.00639375 114.763 0.716053 0.697604 0.0248192 62.1966 -0.013314 -0.0219001 0.999671 1.17873
0.698273 -0.715745 -0.0111355 115.36 0.715832 0.69819 0.0107618 62.7832 7.19629e-05 -0.0154858 0.99988 1.18658
0.69799 -0.715968 -0.0141238 115.96 0.71602 0.698077 -0.0018156 63.3688 0.0111594 -0.00884568 0.999899 1.19572
0.697376 -0.716638 -0.00981773 116.565 0.716685 0.697395 0.00194336 63.9735 0.00545415 -0.00839147 0.99995 1.20845
0.696416 -0.717614 0.0058805 117.177 0.717457 0.696401 0.016788 64.5911 -0.0161425 -0.00747242 0.999842 1.22259
0.695195 -0.718606 0.0175905 117.784 0.718019 0.695368 0.0302112 65.2048 -0.0339419 -0.00837239 0.999389 1.23588
0.694823 -0.719057 0.0133444 118.371 0.718586 0.694884 0.0277578 65.798 -0.0292322 -0.00969763 0.999526 1.22823
0.6942 -0.719781 -0.000658719 118.946 0.719653 0.694059 0.0194993 66.382 -0.013578 -0.0140105 0.99981 1.20949
0.693442 -0.720485 -0.00626794 119.528 0.720499 0.69335 0.0121499 66.9642 -0.00440793 -0.0129413 0.999907 1.19303
0.692099 -0.721789 -0.00440367 120.118 0.721798 0.692057 0.00805139 67.5496 -0.00276381 -0.00875092 0.999958 1.19323
0.690135 -0.723677 -0.00226695 120.696 0.723654 0.690079 0.0107228 68.1487 -0.00619546 -0.00904066 0.99994 1.19384
0.687582 -0.726101 -0.00281763 121.265 0.726092 0.687539 0.00895109 68.743 -0.00456217 -0.00820048 0.999956 1.1828
0.68406 -0.729413 -0.0043834 121.83 0.729423 0.684026 0.00715087 69.3343 -0.00221758 -0.00808898 0.999965 1.16787
0.681703 -0.731593 -0.00725304 122.387 0.731622 0.681619 0.011148 69.9346 -0.00321196 -0.0129061 0.999912 1.16385
0.68005 -0.733051 -0.0129808 122.94 0.733165 0.679909 0.0139196 70.5351 -0.00137797 -0.0189831 0.999819 1.15683
0.67867 -0.734322 -0.013339 123.499 0.734434 0.678455 0.0174679 71.1357 -0.00377715 -0.0216516 0.999758 1.15589
0.677612 -0.735358 -0.00947762 124.061 0.735371 0.677363 0.020222 71.7333 -0.00845059 -0.0206722 0.999751 1.15503
0.676648 -0.736261 -0.00823342 124.618 0.736251 0.676417 0.0198697 72.3269 -0.00906002 -0.0195066 0.999769 1.15406
0.674779 -0.737967 -0.0087657 125.17 0.737999 0.674625 0.0154428 72.9209 -0.0054827 -0.0168895 0.999842 1.15178
0.671479 -0.740991 -0.00698662 125.718 0.741019 0.671412 0.00985901 73.5077 -0.00261454 -0.0117973 0.999927 1.14583
0.66664 -0.745359 -0.00556148 126.263 0.74538 0.666615 0.00574431 74.1069 -0.000574209 -0.0079748 0.999968 1.14493
0.661583 -0.749868 -0.00250283 126.803 0.749856 0.661544 0.00866516 74.7193 -0.00484199 -0.00760949 0.999959 1.148
0.656858 -0.754005 0.00365328 127.342 0.75389 0.65683 0.0149625 75.3368 -0.0136814 -0.00707409 0.999881 1.15221
0.653505 -0.756834 0.0115769 127.873 0.756588 0.653595 0.0197003 75.9591 -0.0224765 -0.00411524 0.999739 1.14737
0.650338 -0.759597 0.00849391 128.389 0.759183 0.650292 0.027575 76.5848 -0.0264695 -0.0114847 0.999584 1.13977
0.647029 -0.762458 0.00331521 128.899 0.762155 0.646884 0.0257152 77.2046 -0.0217514 -0.0141118 0.999664 1.13006
0.641802 -0.766867 -0.00232575 129.411 0.766783 0.64168 0.0170475 77.816 -0.0115808 -0.0127245 0.999852 1.118
0.636788 -0.771031 -0.00365604 129.925 0.771024 0.636737 0.00939882 78.4356 -0.00491884 -0.00880395 0.999949 1.10539
0.631632 -0.775265 -0.00238205 130.439 0.775252 0.631595 0.00853822 79.0678 -0.00511489 -0.0072397 0.999961 1.10174
0.625585 -0.780135 -0.00563969 130.946 0.780105 0.625445 0.0159821 79.7161 -0.00894086 -0.0143977 0.999856 1.10595
0.619425 -0.784982 -0.0107686 131.443 0.785014 0.619193 0.0187637 80.3653 -0.00806135 -0.0200762 0.999766 1.10512
0.611647 -0.790969 -0.0159761 131.941 0.791127 0.611457 0.0154804 81.0077 -0.00247586 -0.0221077 0.999753 1.10114
0.604769 -0.796231 -0.0164353 132.437 0.796401 0.604651 0.0119505 81.6538 0.000422265 -0.0203164 0.999794 1.0936
0.598301 -0.801115 -0.0158089 132.931 0.80127 0.598161 0.0130043 82.3126 -0.000961743 -0.0204477 0.99979 1.0902
0.591972 -0.805822 -0.0148115 133.413 0.80592 0.591666 0.0205886 82.9865 -0.00782725 -0.0241247 0.999678 1.08604
0.585459 -0.810574 -0.0143841 133.89 0.810587 0.584986 0.0271954 83.6667 -0.0136294 -0.0275813 0.999527 1.08506
0.579275 -0.815044 -0.0119648 134.364 0.814943 0.578762 0.0300314 84.3429 -0.0175522 -0.0271471 0.999477 1.08163
0.57404 -0.818751 -0.0111549 134.835 0.818603 0.573512 0.0311866 85.0193 -0.0191366 -0.0270338 0.999451 1.07584
0.570412 -0.82128 -0.0113484 135.301 0.82116 0.569917 0.029825 85.6981 -0.018027 -0.0263314 0.999491 1.07089
0.566748 -0.823695 -0.0179687 135.757 0.823804 0.566239 0.0268245 86.3775 -0.0119206 -0.0300054 0.999479 1.06716
0.5638 -0.82548 -0.026702 136.203 0.825887 0.563242 0.025871 87.0618 -0.00631631 -0.0366389 0.999309 1.06057
0.561522 -0.826938 -0.0294335 136.653 0.827457 0.561046 0.0232704 87.7478 -0.0027296 -0.0374218 0.999296 1.05201
0.55894 -0.828737 -0.027945 137.112 0.829165 0.558246 0.0291214 88.4454 -0.00853376 -0.0394481 0.999185 1.04416
0.55712 -0.830057 -0.0249427 137.568 0.830239 0.556092 0.0382733 89.1509 -0.0178986 -0.0420312 0.998956 1.03513
0.554379 -0.831986 -0.021538 138.025 0.831852 0.553104 0.0457986 89.8527 -0.026191 -0.0433062 0.998718 1.02695
0.550436 -0.834614 -0.0209936 138.475 0.834527 0.549301 0.0428198 90.5426 -0.0242062 -0.0410892 0.998862 1.01416
0.546114 -0.837544 -0.0167311 138.928 0.837561 0.545528 0.0298439 91.2208 -0.0158683 -0.0303114 0.999415 0.998492
0.540354 -0.841288 -0.0158664 139.374 0.841394 0.54004 0.020314 91.9058 -0.00852149 -0.0243267 0.999668 0.978255
0.534517 -0.844957 -0.0184232 139.807 0.845099 0.534094 0.0234955 92.6105 -0.010013 -0.0281281 0.999554 0.963828
0.528255 -0.848963 -0.0144644 140.244 0.848954 0.527795 0.0266323 93.321 -0.0149756 -0.0263483 0.999541 0.954118
0.521929 -0.852946 -0.00859364 140.684 0.85276 0.521529 0.028426 94.0325 -0.019764 -0.0221647 0.999559 0.94293
0.51696 -0.856009 -0.000296134 141.125 0.855725 0.516779 0.0259549 94.7484 -0.0220646 -0.013671 0.999663 0.926804
0.51174 -0.859131 0.00403089 141.56 0.858834 0.511677 0.0243098 95.4703 -0.0229478 -0.00897842 0.999696 0.914267
0.506534 -0.862209 0.00424136 141.984 0.862041 0.506523 0.0178718 96.1908 -0.0175576 -0.00539645 0.999831 0.902029
0.500526 -0.865702 0.00573945 142.405 0.86569 0.500554 0.0052588 96.9048 -0.00742546 0.00233641 0.99997 0.886327
0.494549 -0.869065 0.0121541 142.831 0.86915 0.494495 -0.00733257 97.6195 0.000362338 0.01419 0.999899 0.876331
0.488947 -0.872196 0.0143234 143.246 0.872282 0.489004 0.000489938 98.3627 -0.00743152 0.0122545 0.999897 0.869559
0.484198 -0.874875 0.0120987 143.648 0.874721 0.484343 0.016573 99.1243 -0.0203592 0.00255833 0.999789 0.864858
0.479777 -0.877323 0.0109338 144.046 0.876904 0.479888 0.0273332 99.8823 -0.0292271 -0.00352594 0.999567 0.860176
0.476318 -0.879212 0.0103522 144.444 0.878839 0.47642 0.0258161 100.628 -0.0276298 -0.00319875 0.999613 0.845856
0.474836 -0.880064 0.00415049 144.833 0.879906 0.474833 0.0172775 101.369 -0.0171761 -0.00455196 0.999842 0.828964
0.472514 -0.881267 -0.00997238 145.212 0.881294 0.472376 0.013436 102.118 -0.00712994 -0.0151373 0.99986 0.816742
0.470778 -0.882171 -0.0119553 145.604 0.882244 0.470676 0.0104341 102.869 -0.00357755 -0.0154597 0.999874 0.809017
0.468357 -0.883526 -0.00480714 146.013 0.883512 0.468292 0.0104458 103.623 -0.00697799 -0.00913952 0.999934 0.80693
0.46793 -0.883766 -0.000426438 146.415 0.883621 0.467844 0.0183311 104.387 -0.0160009 -0.00895446 0.999832 0.803981
0.468145 -0.883651 0.00103067 146.812 0.883369 0.468025 0.0247344 105.155 -0.022339 -0.0106689 0.999694 0.802966
0.466708 -0.88441 0.001432 147.21 0.884161 0.466614 0.0230248 105.913 -0.0210315 -0.00947974 0.999734 0.800334
0.464982 -0.885319 -0.00158716 147.604 0.885216 0.464899 0.0161551 106.666 -0.0135645 -0.00891679 0.999868 0.79671
0.46319 -0.886257 0.0016607 148.006 0.886257 0.463192 0.00141763 107.408 -0.00202561 0.000815173 0.999998 0.791931
0.461251 -0.887222 0.00919413 148.413 0.887263 0.461183 -0.00858833 108.154 0.00337958 0.012119 0.999921 0.79225
0.460148 -0.887785 0.0100835 148.809 0.887842 0.460131 -0.00409455 108.919 -0.00100464 0.0108366 0.999941 0.79714
0.45892 -0.88842 0.0100996 149.198 0.888417 0.458992 0.0064946 109.69 -0.0104056 0.00599215 0.999928 0.807328
0.457335 -0.889231 0.0106718 149.583 0.889147 0.457445 0.0126955 110.45 -0.016171 0.00368274 0.999862 0.812852
0.45652 -0.889649 0.0107018 149.97 0.889627 0.456611 0.00839398 111.196 -0.0123542 0.00568855 0.999908 0.811182
0.456528 -0.889679 0.00734032 150.355 0.889689 0.456558 0.00293701 111.938 -0.00596427 0.00518978 0.999969 0.807704
0.456336 -0.889807 0.000539305 150.729 0.889797 0.456334 0.00443392 112.692 -0.00419143 -0.00154349 0.99999 0.807027
0.45591 -0.890026 -0.000249172 151.108 0.889986 0.455887 0.0095805 113.445 -0.0084133 -0.00458961 0.999954 0.810347
0.455137 -0.890419 -0.00193889 151.486 0.890348 0.455071 0.013846 114.194 -0.0114464 -0.00802812 0.999902 0.814309
0.454811 -0.890582 -0.00324869 151.862 0.890472 0.454689 0.0178245 114.942 -0.014397 -0.0109996 0.999836 0.812557
0.454343 -0.890801 -0.00681376 152.232 0.890712 0.454148 0.0195141 115.689 -0.0142887 -0.0149352 0.999786 0.810373
0.453837 -0.891061 -0.00641902 152.603 0.891002 0.453686 0.0168648 116.428 -0.0121154 -0.0133732 0.999837 0.808742
0.452993 -0.891446 -0.0109976 152.965 0.891492 0.45286 0.012609 117.158 -0.00625988 -0.015516 0.99986 0.804013
0.451892 -0.891984 -0.0125562 153.326 0.892058 0.451758 0.0121378 117.888 -0.00515431 -0.0166858 0.999847 0.797608
0.454407 -0.890701 -0.0128984 153.649 0.890783 0.454281 0.0116399 118.523 -0.00450817 -0.0167789 0.999849 0.791285
0.457095 -0.88932 -0.0131985 153.971 0.88941 0.456976 0.0111262 119.153 -0.00386334 -0.0168246 0.999851 0.784971
0.459778 -0.887931 -0.013502 154.293 0.888028 0.459667 0.0106143 119.783 -0.00321832 -0.0168704 0.999852 0.778654
0.462457 -0.886534 -0.0138086 154.615 0.886638 0.462354 0.0101044 120.413 -0.00257346 -0.0169161 0.999854 0.772339
0.465131 -0.885129 -0.0141184 154.937 0.88524 0.465036 0.00959657 121.043 -0.00192865 -0.0169618 0.999854 0.766024
0.467801 -0.883716 -0.0144314 155.259 0.883833 0.467715 0.00909056 121.673 -0.00128368 -0.0170075 0.999855 0.759706
0.470467 -0.882294 -0.0147476 155.581 0.882417 0.470389 0.00858652 122.303 -0.000638714 -0.0170532 0.999854 0.753389
0.473128 -0.880865 -0.015067 155.903 0.880993 0.473059 0.00808447 122.933 6.27633e-06 -0.0170989 0.999854 0.74707
0.475785 -0.879427 -0.0153896 156.225 0.879561 0.475725 0.00758443 123.563 0.000651268 -0.0171446 0.999853 0.740752
0.478438 -0.877981 -0.0157153 156.547 0.87812 0.478387 0.00708641 124.194 0.00129627 -0.0171903 0.999851 0.734432
0.481086 -0.876527 -0.0160441 156.869 0.876671 0.481044 0.00659044 124.824 0.00194125 -0.017236 0.99985 0.728113
0.483728 -0.875065 -0.0163761 157.191 0.875214 0.483697 0.00609663 125.454 0.0025861 -0.0172817 0.999847 0.721794
0.486366 -0.873595 -0.0167111 157.513 0.873749 0.486345 0.0056049 126.084 0.00323094 -0.0173273 0.999845 0.715475
0.489 -0.872117 -0.0170492 157.835 0.872275 0.488988 0.00511523 126.714 0.0038758 -0.017373 0.999842 0.709156
0.491628 -0.870632 -0.0173904 158.157 0.870794 0.491627 0.0046278 127.343 0.00452048 -0.0174186 0.999838 0.702837
0.494251 -0.869139 -0.0177346 158.479 0.869304 0.49426 0.00414261 127.973 0.00516499 -0.0174642 0.999834 0.69652
0.500284 -0.865689 -0.0172896 158.795 0.865849 0.500284 0.00462128 128.548 0.00464912 -0.0172821 0.99984 0.695692
0.505455 -0.862776 -0.011522 159.122 0.862853 0.505395 0.00779032 129.109 -0.000898153 -0.0138794 0.999903 0.699253
0.510574 -0.859831 -0.0021278 159.458 0.8598 0.51053 0.0101454 129.662 -0.00763702 -0.00700946 0.999946 0.707235
0.515425 -0.856924 0.00432137 159.793 0.856885 0.515443 0.0081921 130.204 -0.00924742 -0.000519501 0.999957 0.712615
0.518523 -0.855051 0.00457474 160.122 0.854998 0.518542 0.00964936 130.749 -0.0106229 -0.00109202 0.999943 0.714223
0.519461 -0.854491 0.00233295 160.449 0.854422 0.51945 0.0116316 131.296 -0.0111509 -0.00404883 0.99993 0.712682
0.519518 -0.854455 0.00267795 160.782 0.854371 0.519507 0.0127801 131.847 -0.0123112 -0.00435151 0.999915 0.70686
0.518562 -0.855031 0.0039838 161.116 0.854904 0.518557 0.0154322 132.405 -0.0152609 -0.00459682 0.999873 0.702984
0.518613 -0.854998 0.00433464 161.45 0.854815 0.518597 0.0186499 132.971 -0.0181935 -0.00596675 0.999817 0.696308
0.518661 -0.854967 -0.00474924 161.77 0.85486 0.518487 0.0196465 133.538 -0.0143346 -0.0142498 0.999796 0.689195
