0.49105 -0.870703 0.0273402 0.697203 0.871019 0.491248 0.000627138 0.547893 -0.0139769 0.0235059 0.999626 0.78061
0.488658 -0.871986 0.0292164 1.15533 0.872338 0.488902 0.00140789 1.32915 -0.0155116 0.0247985 0.999572 0.770434
0.485807 -0.87359 0.0288361 1.53495 0.873929 0.486051 0.0017056 2.0466 -0.0155058 0.0243721 0.999583 0.765894
0.483585 -0.874786 0.0299124 1.86446 0.875162 0.483829 0.00109061 2.64732 -0.0154265 0.0256508 0.999552 0.750011
0.483 -0.875095 0.0303346 2.3109 0.875493 0.483231 0.000341699 3.4724 -0.0149576 0.0263927 0.99954 0.755308
0.480808 -0.876264 0.0313869 2.71862 0.876689 0.481058 0.000444824 4.2519 -0.0154887 0.0273027 0.999507 0.737791
0.478977 -0.877203 0.033096 3.1275 0.877685 0.479238 -5.67715e-05 5.01531 -0.0158111 0.0290751 0.999452 0.720056
0.477548 -0.878004 0.0325227 3.55545 0.878493 0.477752 -0.00166347 5.80892 -0.0140773 0.0293654 0.99947 0.722907
0.476445 -0.878661 0.0309124 3.97818 0.879125 0.476579 -0.0033711 6.59349 -0.0117701 0.028782 0.999516 0.722255
0.475338 -0.879315 0.0293042 4.39991 0.879752 0.475405 -0.00508086 7.3786 -0.00946369 0.0281955 0.999558 0.723658
0.474226 -0.879967 0.0276981 4.82063 0.880374 0.474232 -0.00679273 8.16424 -0.00715794 0.027606 0.999593 0.727115
0.47293 -0.880672 0.0274492 5.24536 0.881061 0.472973 -0.00531645 8.97484 -0.00830069 0.0266987 0.999609 0.722593
0.471633 -0.881375 0.0271981 5.66889 0.881744 0.471712 -0.00384052 9.78605 -0.00944476 0.0257931 0.999623 0.717017
0.470336 -0.882076 0.0269449 6.09123 0.882424 0.470449 -0.00236493 10.5979 -0.0105901 0.0248891 0.999634 0.710383
0.469016 -0.882763 0.0274599 6.51366 0.883117 0.469149 -0.00178688 11.4101 -0.0113054 0.0250884 0.999621 0.696033
0.467695 -0.883447 0.027974 6.93487 0.883808 0.467848 -0.00120808 12.2229 -0.0120203 0.0252886 0.999608 0.681029
0.466373 -0.88413 0.0284872 7.35486 0.884497 0.466546 -0.000628508 13.0364 -0.0127349 0.0254899 0.999594 0.665372
0.465935 -0.884352 0.0287286 7.79688 0.884702 0.466155 0.00109522 13.855 -0.0143606 0.024906 0.999587 0.666369
0.466706 -0.883875 0.0308194 8.24619 0.884239 0.467021 0.00354011 14.6886 -0.0175223 0.0255995 0.999519 0.653221
0.468014 -0.883149 0.0318003 8.70285 0.883474 0.468431 0.00679699 15.5256 -0.020899 0.0249137 0.999471 0.643259
0.469888 -0.882074 0.0339113 9.15638 0.882436 0.470372 0.00756814 16.3685 -0.0226266 0.0263684 0.999396 0.620865
0.471623 -0.881122 0.0345793 9.58424 0.881536 0.472079 0.00597803 17.2054 -0.0215916 0.0276635 0.999384 0.615648
0.473097 -0.880424 0.0321332 10.0072 0.880842 0.473405 0.00226204 18.0592 -0.0172036 0.0272341 0.999481 0.614546
0.474259 -0.879912 0.0288593 10.4677 0.880281 0.474452 -0.0001976 18.8909 -0.0135185 0.0254981 0.999583 0.61304
0.474826 -0.879651 0.0274626 10.9619 0.879972 0.475025 0.000802296 19.7597 -0.0137511 0.0237853 0.999623 0.610393
0.475104 -0.879482 0.0280597 11.4045 0.879753 0.475406 0.00488013 20.6484 -0.0176317 0.022367 0.999594 0.610221
0.474754 -0.879389 0.0358105 11.8725 0.879856 0.475213 0.00506665 21.4977 -0.0214732 0.0291027 0.999346 0.573905
0.473735 -0.879484 0.0456398 12.3397 0.880383 0.474262 0.000823347 22.3202 -0.0223694 0.0397905 0.998958 0.55399
0.472855 -0.879857 0.0475311 12.82 0.880929 0.473234 -0.00364458 23.2037 -0.0192866 0.0435948 0.998863 0.5594
0.471752 -0.880356 0.0492335 13.2868 0.881586 0.471952 -0.00820379 24.0913 -0.0160136 0.0472738 0.998754 0.560336
0.470653 -0.880846 0.0509414 13.7525 0.882226 0.470653 -0.0127604 24.9796 -0.0127358 0.0509475 0.99862 0.564586
0.469473 -0.881676 0.0473594 14.219 0.882834 0.469594 -0.00921039 25.8723 -0.0141191 0.0461345 0.998835 0.5548
0.468105 -0.882535 0.0448259 14.6813 0.883515 0.468378 -0.00486509 26.7708 -0.0167018 0.0418817 0.998983 0.535351
0.466743 -0.883382 0.0422851 15.1422 0.884183 0.467141 -0.000523251 27.67 -0.0192909 0.037632 0.999105 0.513234
0.465509 -0.884101 0.0408221 15.6106 0.884789 0.465985 0.00245329 28.5603 -0.0211914 0.0349769 0.999163 0.490563
0.465012 -0.884314 0.0418669 16.0925 0.884982 0.465599 0.00497768 29.4185 -0.023895 0.0347368 0.999111 0.494988
0.464861 -0.884313 0.0435238 16.5414 0.885001 0.465543 0.00650438 30.3123 -0.0260141 0.035495 0.999031 0.46508
0.465039 -0.884233 0.0432437 16.9888 0.884879 0.465757 0.00772379 31.2105 -0.0269707 0.0346736 0.999035 0.457127
0.465123 -0.884217 0.0426748 17.4678 0.884866 0.465795 0.00683127 32.1132 -0.025918 0.0345841 0.999066 0.455549
0.465328 -0.884178 0.0412146 17.9385 0.884816 0.46591 0.00530025 33.008 -0.0238887 0.034001 0.999136 0.445235
0.465221 -0.884319 0.0393483 18.4036 0.884917 0.465729 0.00433406 33.9012 -0.0221583 0.0328037 0.999216 0.431482
0.463986 -0.884929 0.040223 18.8638 0.885548 0.464524 0.00470961 34.7973 -0.0228522 0.0334342 0.99918 0.411664
0.462723 -0.885528 0.0415684 19.3241 0.886181 0.463309 0.00522194 35.6865 -0.0238832 0.0344208 0.999122 0.389718
0.462447 -0.885655 0.0419396 19.7693 0.886349 0.463 0.00403495 36.5539 -0.0229916 0.0353071 0.999112 0.403874
0.462207 -0.885985 0.037361 20.2228 0.886571 0.462589 0.00180333 37.4344 -0.0188805 0.0322897 0.9993 0.393646
0.461856 -0.886273 0.0347648 20.6655 0.886797 0.462159 0.000775295 38.3218 -0.016754 0.0304712 0.999395 0.37389
0.461494 -0.886508 0.0335632 21.1119 0.886943 0.461864 0.00380055 39.1889 -0.0188708 0.0280147 0.999429 0.360438
0.461438 -0.88643 0.0362858 21.565 0.886888 0.46194 0.00644781 40.0339 -0.0224774 0.0292062 0.999321 0.36128
0.461267 -0.886351 0.0401819 22.0186 0.886953 0.461828 0.00545304 40.8941 -0.0233904 0.0331241 0.999178 0.336123
0.461194 -0.88629 0.0423065 22.4593 0.88699 0.461768 0.00437708 41.7587 -0.0234151 0.0355068 0.999095 0.334809
0.461193 -0.886197 0.0442132 22.9002 0.887031 0.461706 0.00158072 42.6155 -0.0218143 0.0384894 0.999021 0.33588
0.460444 -0.88658 0.0443551 23.3573 0.887415 0.460968 0.00179841 43.4661 -0.0220407 0.0385333 0.999014 0.329007
0.459137 -0.887098 0.0474402 23.8282 0.888012 0.459807 0.00368639 44.322 -0.0250835 0.0404349 0.998867 0.298536
0.457814 -0.887487 0.0526581 24.2401 0.888541 0.458749 0.00660351 45.2061 -0.0300174 0.0437657 0.998591 0.29191
0.457493 -0.887599 0.0535594 24.6708 0.888633 0.45854 0.00852555 46.0421 -0.0321264 0.0436942 0.998528 0.263398
0.456684 -0.887999 0.0538306 25.1072 0.889097 0.457667 0.00690908 46.8872 -0.0307718 0.0447054 0.998526 0.262357
0.455056 -0.889023 0.0506162 25.5267 0.890135 0.455696 0.00123967 47.7034 -0.0241677 0.0444911 0.998717 0.247631
0.454829 -0.889358 0.0466226 25.908 0.890384 0.455201 -0.0029194 48.4861 -0.0186263 0.0428399 0.998908 0.253786
0.453862 -0.890081 0.0420071 26.323 0.890884 0.454231 -0.000859794 49.3245 -0.0183156 0.0378136 0.999117 0.229284
0.452992 -0.890673 0.0387334 26.7507 0.89128 0.453442 0.00325489 50.1577 -0.0204624 0.0330478 0.999244 0.218078
0.452128 -0.891248 0.035455 27.1776 0.891666 0.452633 0.0073666 50.9912 -0.0226136 0.0282833 0.999344 0.204875
0.451031 -0.891789 0.0358253 27.5789 0.892211 0.451553 0.00765577 51.7818 -0.0230044 0.0285108 0.999329 0.202131
0.449352 -0.892629 0.0359988 27.9392 0.893065 0.449868 0.00736095 52.5455 -0.0227653 0.0288416 0.999325 0.190478
0.448386 -0.89302 0.0382807 28.2919 0.893528 0.448949 0.00719375 53.2569 -0.0236103 0.0309793 0.999241 0.183639
0.447417 -0.893405 0.0405626 28.6439 0.893991 0.44803 0.00702891 53.9687 -0.0244529 0.0331177 0.999152 0.17614
0.445982 -0.894174 0.0394097 29.0283 0.894703 0.446593 0.00789086 54.7325 -0.0246559 0.0317408 0.999192 0.168549
0.444959 -0.894751 0.037849 29.398 0.895153 0.445623 0.0109782 55.4931 -0.0266892 0.0289958 0.999223 0.149957
0.443828 -0.895409 0.0354868 29.7421 0.895603 0.444563 0.0161053 56.2018 -0.0301969 0.0246341 0.99924 0.145458
0.442516 -0.895973 0.0375763 30.07 0.89617 0.443356 0.0177278 56.8822 -0.0325433 0.0258299 0.999137 0.109878
0.441259 -0.896627 0.0367524 30.3853 0.896864 0.442024 0.0157996 57.565 -0.0304118 0.0259902 0.9992 0.147405
0.440133 -0.897288 0.0340065 30.7116 0.897614 0.44067 0.00994701 58.2479 -0.023911 0.0261467 0.999372 0.119798
0.438886 -0.898037 0.0301238 31.0261 0.898369 0.439214 0.0049401 58.919 -0.0176672 0.0248941 0.999534 0.108951
0.438711 -0.898233 0.0266327 31.3598 0.898488 0.438973 0.00462477 59.5762 -0.0158451 0.0219002 0.999635 0.105357
0.438373 -0.898464 0.024315 31.6246 0.898603 0.438676 0.0087054 60.1885 -0.0184879 0.0180333 0.999666 0.101604
0.437115 -0.899051 0.0252472 31.9021 0.89917 0.437471 0.0106335 60.7835 -0.0206049 0.0180535 0.999625 0.102165
0.435936 -0.899629 0.0250737 32.1738 0.899791 0.436243 0.00820476 61.3472 -0.0183195 0.0189844 0.999652 0.124934
0.436121 -0.899384 0.0300997 32.443 0.899776 0.436351 0.00119913 61.8851 -0.0142125 0.02656 0.999546 0.128489
0.437101 -0.898804 0.0330907 32.7237 0.899359 0.437181 -0.00516045 62.4196 -0.0098284 0.0320161 0.999439 0.130275
0.439923 -0.89753 0.0301217 32.9742 0.897991 0.439988 -0.0048007 62.9307 -0.0089444 0.0291609 0.999535 0.119682
0.443336 -0.895942 0.0272342 33.2458 0.896295 0.443455 -0.0018353 63.454 -0.0104328 0.0252235 0.999627 0.118126
0.447721 -0.8937 0.0291012 33.4958 0.894069 0.447928 0.000695886 63.9635 -0.0136572 0.0257069 0.999576 0.104766
0.452244 -0.891274 0.0332569 33.7481 0.891723 0.452574 0.00272771 64.4698 -0.0174823 0.0284224 0.999443 0.125229
0.458724 -0.887695 0.0396153 34.0203 0.888313 0.459221 0.00398565 64.9398 -0.0217302 0.0333625 0.999207 0.0977985
0.467818 -0.882959 0.0391242 34.2696 0.883514 0.468369 0.00581194 65.397 -0.0234563 0.0318478 0.999217 0.115186
0.480334 -0.876403 0.0346081 34.4988 0.87676 0.480857 0.00827083 65.8308 -0.0238901 0.0263702 0.999367 0.115159
0.497001 -0.867261 0.0291114 34.7056 0.867401 0.497473 0.0116511 66.247 -0.0245867 0.0194606 0.999508 0.116195
0.51523 -0.856599 0.0278495 34.9772 0.856665 0.515702 0.0133007 66.6419 -0.0257554 0.0170048 0.999524 0.102319
0.537801 -0.842441 0.0326163 35.2209 0.842612 0.538382 0.0122084 67.0554 -0.0278449 0.0209172 0.999393 0.0873518
0.56251 -0.826015 0.0357964 35.4627 0.826241 0.563188 0.0120829 67.4232 -0.0301407 0.0227796 0.999286 0.087128
0.589557 -0.806846 0.0377132 35.7153 0.807057 0.590326 0.0131542 67.7713 -0.0328765 0.0226816 0.999202 0.0829492
0.618986 -0.784439 0.0388682 35.9725 0.784628 0.619815 0.0137243 68.0993 -0.034857 0.0220019 0.99915 0.0781566
0.651886 -0.757308 0.0391047 36.2181 0.757448 0.65274 0.0142183 68.4308 -0.0362929 0.0203511 0.999134 0.0665438
0.685458 -0.726983 0.0405446 36.5204 0.72708 0.686388 0.0150318 68.7596 -0.0387572 0.0191755 0.999065 0.0435801
0.721342 -0.691481 0.038973 36.7818 0.691495 0.722219 0.0153121 69.0427 -0.0387351 0.0159043 0.999123 0.0502666
0.758195 -0.650923 0.0379364 37.0385 0.650908 0.759019 0.0144627 69.3005 -0.0382086 0.0137276 0.999175 0.0355737
0.794621 -0.605948 0.0374675 37.369 0.6059 0.795419 0.0139175 69.531 -0.0382357 0.0116425 0.999201 0.0240383
0.830552 -0.555757 0.0362946 37.7262 0.555673 0.831294 0.0132929 69.7513 -0.0375592 0.00912751 0.999253 0.00480459
0.864165 -0.501965 0.0353443 38.0619 0.501849 0.864861 0.0127252 69.9049 -0.0369556 0.00674089 0.999294 -0.0202843
0.895069 -0.444527 0.0353156 38.4314 0.444428 0.895746 0.0110394 70.0617 -0.0365411 0.00581418 0.999315 -0.0240078
0.921967 -0.385581 0.0361116 38.7878 0.385463 0.922664 0.0104518 70.1716 -0.0373489 0.00428347 0.999293 -0.0298746
0.944815 -0.325445 0.0375445 39.1625 0.325289 0.945558 0.0103425 70.2469 -0.0388664 0.00244106 0.999241 -0.027025
0.963457 -0.264871 0.0399244 39.5231 0.264605 0.964284 0.0119002 70.3633 -0.0416504 -0.000901117 0.999132 -0.0358732
0.978088 -0.204044 0.0413625 39.9001 0.203721 0.978956 0.0119093 70.4484 -0.0429221 -0.00322189 0.999073 -0.0597333
0.988784 -0.14346 0.0415493 40.3145 0.143192 0.989651 0.00935897 70.4251 -0.0424619 -0.00330447 0.999093 -0.0802839
0.995506 -0.0849185 0.0419036 40.705 0.0847631 0.996386 0.0054751 70.4276 -0.0422171 -0.00189862 0.999107 -0.0973948
0.9987 -0.0291394 0.0418188 41.1006 0.0289059 0.999563 0.00617783 70.4475 -0.0419806 -0.00496099 0.999106 -0.0738927
0.998822 0.026015 0.0409621 41.4716 -0.0264226 0.999606 0.00944157 70.4339 -0.0407004 -0.0105128 0.999116 -0.072612
0.99619 0.0776083 0.0397696 41.8596 -0.0780899 0.996889 0.0107025 70.3947 -0.0388153 -0.0137673 0.999152 -0.100429
0.991526 0.124111 0.0383798 42.251 -0.124381 0.992223 0.00472625 70.3151 -0.0374948 -0.00945994 0.999252 -0.177319
0.985097 0.167519 0.0390121 42.6462 -0.167367 0.985869 -0.00714784 70.2213 -0.0396582 0.000511973 0.999213 -0.197667
0.977991 0.20467 0.0405389 43.0391 -0.204332 0.978824 -0.0123612 70.1082 -0.0422104 0.00380581 0.999102 -0.185806
0.970128 0.239289 0.0398933 43.4207 -0.239059 0.970948 -0.0105169 70.0084 -0.0412509 0.000665939 0.999149 -0.143554
0.962062 0.270185 0.0379141 43.7908 -0.270354 0.962761 -0.000684564 69.9453 -0.0366872 -0.00959163 0.999281 -0.121513
0.953769 0.298298 0.0366465 44.202 -0.298717 0.95432 0.00642076 69.8145 -0.0330572 -0.0170708 0.999308 -0.16485
0.94562 0.323412 0.0347552 44.5536 -0.323794 0.94611 0.00584709 69.708 -0.0309912 -0.0167827 0.999379 -0.192298
0.937284 0.347156 0.0313195 44.9236 -0.347382 0.937722 0.00192055 69.5704 -0.0287023 -0.01268 0.999508 -0.20917
0.929405 0.368333 0.0231698 45.283 -0.368385 0.929671 -0.00214947 69.4334 -0.022332 -0.00653769 0.999729 -0.213158
0.921735 0.387456 0.0167891 45.6493 -0.387496 0.921871 -0.000914353 69.2953 -0.0158317 -0.00566293 0.999859 -0.224124
0.914959 0.403171 0.017433 46.088 -0.403264 0.915081 0.00204412 69.0744 -0.0151284 -0.00890036 0.999846 -0.222553
0.908464 0.417415 0.021396 46.5278 -0.417545 0.908655 0.0018069 68.87 -0.0186873 -0.0105753 0.999769 -0.26093
0.902075 0.430886 0.0244584 46.9592 -0.431035 0.902335 0.000880646 68.6733 -0.0216902 -0.0113368 0.9997 -0.257762
0.896526 0.442252 0.0255699 47.3799 -0.442372 0.896831 -0.00106708 68.4663 -0.0234038 -0.0103548 0.999672 -0.269782
0.891027 0.453293 0.0244194 47.8147 -0.453302 0.89134 -0.00545779 68.2301 -0.02424 -0.00620635 0.999687 -0.282034
0.886349 0.46251 0.0216861 48.2963 -0.462449 0.886609 -0.00803355 67.9625 -0.0229427 -0.0029082 0.999733 -0.288787
0.882615 0.469652 0.020438 48.7704 -0.469558 0.882851 -0.00947347 67.7033 -0.022493 -0.00123541 0.999746 -0.296899
0.879796 0.474919 0.0202725 49.2529 -0.474822 0.880029 -0.00968762 67.4303 -0.0224412 -0.00110271 0.999748 -0.308687
0.877138 0.479833 0.0197448 49.7269 -0.479739 0.877359 -0.00954948 67.1707 -0.0219055 -0.00109615 0.999759 -0.317294
0.874452 0.484731 0.0192179 50.1994 -0.484641 0.874663 -0.00940839 66.9085 -0.0213697 -0.0010866 0.999771 -0.32561
0.872336 0.488585 0.0177222 50.7415 -0.488454 0.872515 -0.0113867 66.6052 -0.0210263 0.00127653 0.999778 -0.356008
0.870994 0.490966 0.0179524 51.2865 -0.490846 0.871179 -0.0108551 66.2865 -0.0209693 0.000642898 0.99978 -0.361322
0.869645 0.493343 0.018184 51.8306 -0.493235 0.869835 -0.0103242 65.9663 -0.0209105 9.424e-06 0.999781 -0.366592
0.868157 0.49598 0.017511 52.4135 -0.495834 0.868332 -0.0121694 65.6315 -0.0212411 0.00188241 0.999773 -0.397632
0.867608 0.496984 0.0162416 53.0198 -0.496784 0.867746 -0.0149233 65.2876 -0.0215102 0.004879 0.999757 -0.403779
0.868026 0.496251 0.0162847 53.6313 -0.496045 0.868164 -0.0151755 64.955 -0.0216686 0.0050948 0.999752 -0.410607
0.869408 0.493862 0.0151789 54.2655 -0.493602 0.869502 -0.017989 64.56 -0.0220822 0.00814745 0.999723 -0.422907
0.870804 0.491421 0.0143496 54.916 -0.491125 0.870861 -0.0199443 64.2038 -0.0222976 0.0103201 0.999698 -0.441345
0.872833 0.487827 0.0136822 55.5548 -0.487498 0.872854 -0.0217409 63.8479 -0.0225483 0.0123062 0.99967 -0.459689
0.874867 0.484109 0.0156892 56.2228 -0.483778 0.874944 -0.0207828 63.4675 -0.0237883 0.0105921 0.999661 -0.477273
0.876928 0.480341 0.0164648 56.8956 -0.479969 0.877007 -0.0221207 63.0939 -0.0250652 0.0114956 0.99962 -0.49953
0.878858 0.476753 0.0177638 57.6036 -0.47637 0.87897 -0.0219721 62.7596 -0.0260891 0.0108482 0.999601 -0.533045
0.880665 0.473247 0.0216038 58.3375 -0.472933 0.880911 -0.0181832 62.3699 -0.0276361 0.00579612 0.999601 -0.559526
0.882913 0.469148 0.0191012 59.043 -0.46875 0.883058 -0.0219338 62.0038 -0.0271576 0.010412 0.999577 -0.548622
0.884322 0.466592 0.0163469 59.7567 -0.466266 0.884413 -0.0202306 61.6427 -0.0238968 0.0102684 0.999662 -0.547977
0.885248 0.464876 0.0150199 60.4807 -0.464704 0.885361 -0.0136408 61.2743 -0.0196393 0.00509562 0.999794 -0.571052
0.885304 0.464759 0.0153679 61.1852 -0.464697 0.885437 -0.00760852 60.8902 -0.0171434 -0.000405567 0.999853 -0.590062
0.885442 0.464359 0.0190632 61.9301 -0.464395 0.885624 -0.00270924 60.5461 -0.0181408 -0.00645397 0.999815 -0.592685
0.885467 0.464294 0.019484 62.6572 -0.464324 0.88566 -0.00321704 60.1706 -0.0187499 -0.00619831 0.999805 -0.583441
0.885453 0.464305 0.0198448 63.3816 -0.464313 0.88566 -0.00449114 59.7848 -0.019661 -0.00523748 0.999793 -0.592428
0.885604 0.463862 0.0232046 64.1047 -0.463976 0.885848 -0.000516635 59.43 -0.0207954 -0.0103089 0.999731 -0.601949
0.885656 0.463665 0.0250438 64.8429 -0.463851 0.885911 0.00185435 59.0399 -0.0213268 -0.0132589 0.999685 -0.609644
0.88585 0.463349 0.024025 65.5998 -0.463514 0.886089 0.00145998 58.6771 -0.0206118 -0.0124292 0.99971 -0.622408
0.885424 0.464145 0.0243535 66.3477 -0.464368 0.885633 0.00410925 58.2911 -0.019661 -0.0149474 0.999695 -0.615025
0.883861 0.467056 0.0254785 67.0256 -0.467313 0.884078 0.00494311 57.944 -0.0202163 -0.0162755 0.999663 -0.636097
0.882575 0.469402 0.0268736 67.7695 -0.469707 0.882802 0.00604091 57.5407 -0.0208885 -0.0179543 0.999621 -0.635557
0.879866 0.474208 0.0310099 68.5272 -0.474642 0.880142 0.00808671 57.1684 -0.0234583 -0.0218338 0.999486 -0.64237
0.877044 0.479207 0.0339781 69.2711 -0.479738 0.877363 0.00920693 56.7565 -0.0253992 -0.0243755 0.99938 -0.662652
0.873472 0.485692 0.0339009 70.0121 -0.486211 0.873799 0.00868049 56.3374 -0.0254065 -0.0240652 0.999388 -0.674261
0.869298 0.49319 0.0329336 70.7598 -0.49369 0.869594 0.00873807 55.9167 -0.0243294 -0.023855 0.999419 -0.676081
0.864122 0.502296 0.0315045 71.4627 -0.50273 0.864413 0.00727376 55.5004 -0.0235793 -0.0221237 0.999477 -0.689899
0.859047 0.510764 0.0340348 72.1609 -0.511302 0.859354 0.00896101 55.1068 -0.024671 -0.0251 0.99938 -0.709512
0.853173 0.520435 0.0352695 72.83 -0.521019 0.853493 0.00939521 54.7302 -0.0252127 -0.0263918 0.999334 -0.712997
0.846926 0.53052 0.0355513 73.5064 -0.531093 0.847271 0.00849476 54.3174 -0.025615 -0.0260755 0.999332 -0.722602
0.840752 0.540304 0.0347444 74.1862 -0.540835 0.841096 0.0074888 53.8993 -0.0251771 -0.0250872 0.999368 -0.734387
0.834466 0.550002 0.0341348 74.8471 -0.550515 0.834793 0.00727317 53.468 -0.0244952 -0.0248609 0.999391 -0.748656
0.828886 0.558312 0.0351659 75.4828 -0.558912 0.829171 0.00961893 53.0209 -0.0237882 -0.0276276 0.999335 -0.736265
0.823236 0.566705 0.0335961 76.1271 -0.567257 0.823489 0.00924889 52.566 -0.0224247 -0.0266716 0.999393 -0.765468
0.817623 0.574868 0.031928 76.7538 -0.575361 0.817857 0.00840236 52.114 -0.0212823 -0.0252401 0.999455 -0.779635
0.812468 0.582079 0.0328744 77.3266 -0.582625 0.812684 0.0096671 51.7122 -0.0210895 -0.0270076 0.999413 -0.76226
0.807048 0.589622 0.0319403 77.9225 -0.590122 0.807269 0.00854882 51.2802 -0.0207439 -0.025748 0.999453 -0.768443
0.801394 0.597164 0.0340824 78.5331 -0.597755 0.801616 0.0100185 50.8089 -0.0213383 -0.0284016 0.999369 -0.782111
0.796695 0.603487 0.0328701 79.1427 -0.603964 0.796988 0.00617055 50.3707 -0.0224732 -0.0247684 0.999441 -0.779232
0.793156 0.608128 0.032928 79.753 -0.608543 0.793514 0.00339416 49.9185 -0.0240648 -0.0227302 0.999452 -0.793805
0.79115 0.610654 0.0343892 80.299 -0.611085 0.791561 0.00260606 49.4809 -0.0256297 -0.0230765 0.999405 -0.810791
0.789983 0.612187 0.0339576 80.871 -0.612526 0.79045 -0.000537602 49.0204 -0.0271709 -0.0203752 0.999423 -0.813837
0.788763 0.613697 0.0350649 81.4117 -0.614061 0.789258 -0.000472872 48.6123 -0.0279655 -0.021159 0.999385 -0.815919
0.788148 0.614577 0.033424 81.9491 -0.61485 0.78864 -0.00260626 48.2184 -0.0279612 -0.0184966 0.999438 -0.839336
0.788755 0.613837 0.0326984 82.4796 -0.6141 0.789225 -0.00246712 47.7991 -0.0273208 -0.0181341 0.999462 -0.855438
0.790791 0.611321 0.0306161 82.9798 -0.611517 0.791223 -0.00357577 47.3975 -0.0264101 -0.0158946 0.999525 -0.836256
0.793999 0.607189 0.0297834 83.4997 -0.607384 0.794402 -0.00299472 47.0155 -0.0254784 -0.0157122 0.999552 -0.855834
0.798831 0.600898 0.0281344 83.9771 -0.601064 0.799195 -0.00307179 46.6409 -0.0243307 -0.0144567 0.999599 -0.873441
0.805027 0.592544 0.0286829 84.4123 -0.592713 0.805408 -0.0030973 46.3156 -0.0249367 -0.0145073 0.999584 -0.878354
0.813563 0.580732 0.0294184 84.9054 -0.580963 0.81393 -0.000861148 45.957 -0.0244446 -0.0163904 0.999567 -0.887943
0.822884 0.567492 0.0285382 85.392 -0.567736 0.823211 0.000545832 45.664 -0.0231832 -0.0166513 0.999593 -0.884087
0.835007 0.549624 0.0260256 85.8715 -0.549847 0.835264 0.00171224 45.3363 -0.0207971 -0.0157398 0.99966 -0.881323
0.848705 0.528297 0.0245157 86.3481 -0.528551 0.848888 0.00483439 45.0564 -0.0182571 -0.0170608 0.999688 -0.886855
0.8623 0.505917 0.0220393 86.8213 -0.506138 0.862435 0.0055304 44.8273 -0.0162095 -0.0159238 0.999742 -0.888968
0.878152 0.477863 0.0222594 87.3003 -0.478077 0.878302 0.00523796 44.6112 -0.0170474 -0.0152414 0.999739 -0.885139
0.895869 0.443752 0.0224342 87.8313 -0.443949 0.896041 0.00443835 44.359 -0.0181325 -0.0139358 0.999738 -0.904601
0.913591 0.405899 0.0244603 88.3393 -0.406108 0.913816 0.00405254 44.176 -0.0207073 -0.0136359 0.999693 -0.92988
0.931042 0.363721 0.0294679 88.8635 -0.363995 0.931391 0.00432692 43.9996 -0.0258723 -0.0147547 0.999556 -0.93701
0.947418 0.318255 0.0333532 89.3649 -0.31859 0.947879 0.00513663 43.9117 -0.02998 -0.0154925 0.99943 -0.94722
0.962619 0.268415 0.0363038 89.8771 -0.26883 0.963162 0.00697484 43.8274 -0.0330943 -0.0164737 0.999316 -0.959057
0.976232 0.213626 0.0365308 90.3646 -0.214063 0.976783 0.00846757 43.7698 -0.0338737 -0.0160862 0.999297 -0.987914
0.987447 0.154085 0.0347299 90.8589 -0.154356 0.988001 0.00524328 43.762 -0.0335053 -0.0105382 0.999383 -0.957652
0.995594 0.088372 0.0313672 91.3949 -0.0885597 0.99606 0.00464454 43.7486 -0.0308332 -0.00740195 0.999497 -0.943538
0.99946 0.0207165 0.025501 91.8869 -0.0207674 0.999783 0.00173535 43.7472 -0.0254595 -0.002264 0.999673 -0.950102
0.998637 -0.0478849 0.0207637 92.3503 0.0478465 0.998852 0.00234105 43.8025 -0.020852 -0.00134438 0.999782 -0.960721
0.992941 -0.117128 0.0187093 92.8146 0.117069 0.993115 0.00424743 43.9162 -0.019078 -0.00202717 0.999816 -0.992503
0.982373 -0.186201 0.0165394 93.2845 0.186163 0.982512 0.00378239 44.0308 -0.0169544 -0.000636688 0.999856 -1.00359
0.967035 -0.25415 0.0158203 93.7394 0.254162 0.967161 0.00131292 44.1584 -0.0156345 0.00275128 0.999874 -1.02685
0.947428 -0.31935 0.0198881 94.1582 0.31938 0.947625 0.0017333 44.3355 -0.0194 0.00470968 0.999801 -1.00402
0.923413 -0.383061 0.0239175 94.5642 0.383116 0.923697 0.00242953 44.5407 -0.0230232 0.0069197 0.999711 -0.98276
0.895853 -0.443357 0.0297121 94.9773 0.443403 0.896306 0.00536362 44.7561 -0.0290091 0.00836942 0.999544 -1.01595
0.865732 -0.499319 0.0344779 95.3673 0.499332 0.866365 0.00884588 45.0376 -0.0342874 0.00955779 0.999366 -1.03985
0.83593 -0.547586 0.0370223 95.7834 0.547545 0.836688 0.0121529 45.3313 -0.0376309 0.0101123 0.999241 -1.04187
0.806728 -0.589646 0.0388317 96.1116 0.589489 0.807606 0.0165853 45.5924 -0.0411402 0.00951101 0.999108 -1.0247
0.779399 -0.625437 0.0369413 96.465 0.625095 0.780249 0.0216097 45.876 -0.042339 0.00624925 0.999084 -1.04155
0.755555 -0.654256 0.032956 96.8037 0.653837 0.756265 0.0236982 46.1964 -0.0404281 0.00364252 0.999176 -1.06108
0.735695 -0.676693 0.0289776 97.1103 0.676292 0.736262 0.0234162 46.5963 -0.0371806 0.0023701 0.999306 -1.12487
0.719681 -0.693583 0.0316444 97.4157 0.69334 0.720336 0.0198817 46.8997 -0.0365842 0.00763186 0.999301 -1.13151
0.707469 -0.705927 0.0339753 97.7791 0.70577 0.7082 0.018455 47.2219 -0.0370892 0.0109224 0.999252 -1.14896
0.698649 -0.714758 0.0318042 98.0778 0.714489 0.699327 0.0211427 47.5896 -0.0373535 0.00795242 0.99927 -1.13581
0.691192 -0.722125 0.0280908 98.4212 0.721735 0.691753 0.0240007 47.9786 -0.0367634 0.00368505 0.999317 -1.15325
0.686575 -0.726636 0.0248129 98.7751 0.726142 0.687023 0.0267747 48.3683 -0.0365024 -0.000365155 0.999334 -1.15656
0.684871 -0.728468 0.0169231 99.1217 0.727953 0.685043 0.0282767 48.7915 -0.0321918 -0.00704663 0.999457 -1.18044
0.685654 -0.727794 0.0139672 99.4568 0.727324 0.68574 0.0275612 49.1923 -0.0296367 -0.00873874 0.999523 -1.20984
0.687134 -0.726389 0.0143657 99.8018 0.726019 0.687258 0.0239321 49.57 -0.027257 -0.00601483 0.99961 -1.22348
0.690158 -0.723542 0.0130112 100.226 0.723369 0.690279 0.0158713 49.9715 -0.0204649 -0.00154177 0.999789 -1.22216
0.692949 -0.720936 0.00855165 100.652 0.720825 0.692996 0.0129669 50.3914 -0.0152746 -0.00282115 0.999879 -1.2401
0.696673 -0.717369 0.00532113 101.052 0.71721 0.696646 0.0171415 50.8364 -0.0160037 -0.00812564 0.999839 -1.23205
0.700585 -0.713553 0.00487275 101.455 0.713298 0.70049 0.0228019 51.2761 -0.0196836 -0.0124989 0.999728 -1.25626
0.703457 -0.710689 0.00831432 101.909 0.710344 0.703409 0.0250435 51.7384 -0.0236465 -0.011711 0.999652 -1.2906
0.706294 -0.707818 0.0119271 102.346 0.707312 0.706286 0.029509 52.1604 -0.029311 -0.0124059 0.999493 -1.29682
0.708736 -0.705272 0.0168707 102.786 0.704639 0.708858 0.0316786 52.5963 -0.034301 -0.0105641 0.999356 -1.33705
0.71068 -0.703133 0.0231927 103.271 0.702659 0.711055 0.0259197 53.059 -0.0347163 -0.00212401 0.999395 -1.34418
0.711016 -0.702673 0.0265992 103.766 0.702395 0.7115 0.0202157 53.5596 -0.0331303 0.00430948 0.999442 -1.33869
0.711341 -0.70246 0.0233273 104.214 0.702349 0.711694 0.0140297 54.0257 -0.0264572 0.00640399 0.999629 -1.36309
0.710542 -0.703489 0.0152564 104.756 0.703358 0.710705 0.0136027 54.5285 -0.0204121 0.00106542 0.999791 -1.40552
0.708897 -0.70526 0.00856149 105.24 0.705155 0.708944 0.0124836 55.0207 -0.0148738 -0.00281245 0.999885 -1.39249
0.707287 -0.7069 0.006169 105.75 0.706693 0.70725 0.0195387 55.5615 -0.0181749 -0.00945987 0.99979 -1.43527
0.705744 -0.708337 0.0136026 106.283 0.707985 0.705841 0.0233509 56.0574 -0.0261415 -0.00684933 0.999635 -1.42071
0.704009 -0.709913 0.0198882 106.768 0.709442 0.704276 0.0262034 56.5772 -0.0326089 -0.00433793 0.999459 -1.45039
0.702158 -0.711745 0.0198412 107.287 0.71125 0.702421 0.0269678 57.0963 -0.033131 -0.00482357 0.999439 -1.44668
0.701107 -0.712921 0.013854 107.828 0.71249 0.701193 0.0261973 57.6995 -0.0283909 -0.00849632 0.999561 -1.45087
0.698471 -0.71558 0.00913045 108.351 0.715259 0.69846 0.0236343 58.2513 -0.0232895 -0.00997722 0.999679 -1.46428
0.695248 -0.718733 0.00727752 108.898 0.718508 0.695232 0.0199607 58.8476 -0.0194059 -0.00864865 0.999774 -1.5252
0.692029 -0.721829 0.00769685 109.482 0.72159 0.692018 0.020499 59.4113 -0.0201231 -0.00863192 0.99976 -1.55531
0.689478 -0.724228 0.0106741 110.042 0.723977 0.689533 0.0200273 60.0383 -0.0218645 -0.00608058 0.999742 -1.55197
0.688127 -0.725447 0.0144111 110.602 0.725175 0.68827 0.0201403 60.6307 -0.0245294 -0.00340847 0.999693 -1.54885
0.687355 -0.726185 0.0141082 111.14 0.725825 0.687474 0.0236378 61.207 -0.0268644 -0.00600749 0.999621 -1.57439
0.687039 -0.726424 0.0169256 111.71 0.726051 0.687236 0.0235933 61.7856 -0.0287706 -0.00392063 0.999578 -1.58565
0.687243 -0.726124 0.0210055 112.256 0.725805 0.687564 0.0215171 62.39 -0.0300667 0.000458402 0.999548 -1.62014
0.687042 -0.726298 0.0215581 112.813 0.726044 0.687376 0.0193747 62.9826 -0.0288903 0.00234091 0.99958 -1.61097
0.687421 -0.726133 0.0135138 113.4 0.725779 0.687524 0.0235519 63.5907 -0.0263929 -0.00638203 0.999631 -1.62322
0.688036 -0.725623 0.0087936 113.963 0.725259 0.688001 0.0255794 64.2462 -0.024611 -0.0112219 0.999634 -1.63831
0.6898 -0.723985 0.00460629 114.556 0.723612 0.689625 0.02834 64.8849 -0.0236943 -0.0162158 0.999588 -1.65837
0.691841 -0.722045 0.00270684 115.145 0.72157 0.691513 0.0338692 65.4971 -0.0263269 -0.0214789 0.999423 -1.68084
0.693947 -0.720025 0.00124314 115.74 0.719555 0.693554 0.034965 66.1206 -0.0260378 -0.0233693 0.999388 -1.69441
0.695492 -0.718533 -6.07746e-05 116.348 0.718131 0.6951 0.0335063 66.7371 -0.0240331 -0.023347 0.999439 -1.72164
0.696642 -0.717412 0.00315557 116.961 0.717014 0.696389 0.0305633 67.3837 -0.024124 -0.0190291 0.999528 -1.73136
0.696944 -0.717095 0.00657381 117.584 0.716737 0.696839 0.0265072 68.0082 -0.023589 -0.0137623 0.999627 -1.7355
0.697531 -0.716517 0.0074144 118.197 0.716167 0.697456 0.0256986 68.6718 -0.0235847 -0.0126156 0.999642 -1.73148
0.698449 -0.715623 0.00720213 118.834 0.715203 0.698328 0.0286926 69.3207 -0.0255626 -0.0148894 0.999562 -1.75027
0.699767 -0.714318 0.00873656 119.448 0.713748 0.699614 0.033219 69.9362 -0.0298412 -0.0170099 0.99941 -1.8015
0.700271 -0.713804 0.0102128 120.041 0.713045 0.700074 0.0382587 70.58 -0.034459 -0.0195093 0.999216 -1.82525
0.701681 -0.712459 0.00672441 120.592 0.711892 0.701447 0.034377 71.1467 -0.029209 -0.0193346 0.999386 -1.81872
0.702462 -0.71172 0.00153027 121.162 0.711503 0.702298 0.0232633 71.7389 -0.0176317 -0.0152528 0.999728 -1.81618
0.702197 -0.711983 -0.000206822 121.743 0.711923 0.702134 0.0131548 72.3375 -0.00922074 -0.00938447 0.999913 -1.8408
0.701284 -0.712876 0.0030725 122.336 0.712707 0.7012 0.0191614 72.9277 -0.0158141 -0.0112478 0.999812 -1.82424
0.700002 -0.713921 0.0177346 122.97 0.713321 0.700172 0.0305274 73.6059 -0.0342114 -0.00871882 0.999377 -1.87922
0.699013 -0.714509 0.0292909 123.576 0.713503 0.699602 0.038359 74.201 -0.0478999 -0.00591432 0.998835 -1.91631
0.698316 -0.715331 0.0256144 124.142 0.714493 0.698757 0.035175 74.7765 -0.0430601 -0.00626193 0.999053 -1.93119
0.698261 -0.715718 0.0133956 124.679 0.715182 0.698299 0.0298902 75.4051 -0.030747 -0.0112908 0.999463 -1.92822
0.697535 -0.716527 0.00578016 125.262 0.716194 0.697419 0.025944 75.9865 -0.0226208 -0.0139572 0.999647 -1.96477
0.696109 -0.717917 0.00526189 125.844 0.717611 0.695995 0.0250274 76.6011 -0.0216299 -0.0136458 0.999673 -1.96643
0.693792 -0.720144 0.00675363 126.446 0.719783 0.693693 0.0265097 77.2054 -0.0237758 -0.0135311 0.999626 -1.97581
0.690881 -0.722935 0.00696895 127.002 0.7226 0.690805 0.0252707 77.7964 -0.0230832 -0.0124233 0.999656 -1.96753
0.68762 -0.726057 0.00453102 127.555 0.725744 0.687484 0.0257028 78.3853 -0.0217767 -0.0143854 0.999659 -1.98987
0.684422 -0.729086 0.00031206 128.101 0.728792 0.684159 0.0280947 78.9813 -0.020697 -0.0190012 0.999605 -2.00542
0.682797 -0.730599 -0.00356162 128.656 0.730314 0.682375 0.0317149 79.6042 -0.0207405 -0.0242559 0.999491 -1.99791
0.681351 -0.731947 -0.00367794 129.228 0.731626 0.680884 0.0334552 80.2315 -0.0219832 -0.0254856 0.999433 -2.00297
0.680991 -0.732292 -0.000413278 129.798 0.73182 0.680531 0.0362913 80.8611 -0.0262946 -0.0250165 0.999341 -2.02777
0.679143 -0.734006 0.000111177 130.361 0.733526 0.678705 0.0360296 81.4375 -0.0265213 -0.0243877 0.999351 -2.05102
0.677862 -0.73519 -6.58363e-05 130.897 0.734807 0.677506 0.0323022 82.0545 -0.0237036 -0.0219448 0.999478 -2.05426
0.674595 -0.738185 0.0022077 131.433 0.737919 0.674426 0.0250171 82.6486 -0.0199562 -0.0152473 0.999685 -2.06389
0.670199 -0.742181 0.000711118 131.979 0.741943 0.670008 0.0247009 83.2471 -0.018809 -0.0160269 0.999695 -2.07699
0.665213 -0.746639 0.00464969 132.515 0.746298 0.665076 0.0267218 83.8538 -0.0230439 -0.0143057 0.999632 -2.09365
0.660272 -0.750949 0.0107927 133.041 0.750434 0.660253 0.0302302 84.4705 -0.0298273 -0.011861 0.999485 -2.11504
0.656961 -0.753787 0.0143653 133.581 0.753 0.65698 0.036977 85.0746 -0.0373105 -0.0134753 0.999213 -2.15289
0.654077 -0.756325 0.0125035 134.104 0.755347 0.653937 0.0426279 85.6978 -0.040417 -0.0184374 0.999013 -2.18232
0.650068 -0.759788 0.011584 134.623 0.75889 0.649925 0.041021 86.3254 -0.038696 -0.0178755 0.999091 -2.17653
0.645199 -0.763974 0.00783449 135.13 0.763377 0.645046 0.0342225 86.9474 -0.0311987 -0.0160996 0.999384 -2.16027
0.640338 -0.768075 0.00522131 135.674 0.767674 0.640199 0.0286635 87.5404 -0.0253584 -0.0143461 0.999575 -2.19221
0.635044 -0.772473 0.00212594 136.193 0.772128 0.634838 0.0282909 88.1911 -0.0232036 -0.0163245 0.999597 -2.21422
0.629041 -0.777371 -0.0014872 136.7 0.776942 0.628628 0.0344743 88.8627 -0.0258644 -0.0228412 0.999404 -2.22911
0.622852 -0.782332 -0.00336653 137.185 0.781877 0.622331 0.0370391 89.4973 -0.0268818 -0.0257021 0.999308 -2.22892
0.615851 -0.787819 -0.00832732 137.676 0.787538 0.61526 0.0352114 90.1654 -0.0226167 -0.0282431 0.999345 -2.24
0.608918 -0.793169 -0.0101433 138.189 0.793017 0.608403 0.031151 90.8411 -0.0185368 -0.0270122 0.999463 -2.25817
0.602107 -0.798352 -0.0100626 138.694 0.798163 0.601551 0.0327494 91.4823 -0.0200924 -0.0277502 0.999413 -2.27329
0.59651 -0.802573 -0.00728453 139.169 0.802175 0.595868 0.0381562 92.2223 -0.0262825 -0.028604 0.999245 -2.30134
0.589852 -0.807488 -0.00616066 139.679 0.806861 0.589054 0.0446154 92.9044 -0.0323974 -0.0312873 0.998985 -2.32443
0.583571 -0.812041 -0.00576103 140.16 0.811353 0.582751 0.0459115 93.5691 -0.0339248 -0.0314669 0.998929 -2.34726
0.578297 -0.815817 -0.00399675 140.65 0.815014 0.577495 0.0474564 94.2675 -0.0364076 -0.0307013 0.998865 -2.37428
0.574602 -0.818422 -0.00420305 141.132 0.817653 0.573822 0.0466078 94.933 -0.0357331 -0.0302176 0.998904 -2.38783
0.570637 -0.821154 -0.00895576 141.605 0.820597 0.569763 0.0446096 95.6554 -0.0315287 -0.032805 0.998964 -2.38965
0.567631 -0.823099 -0.0174101 142.043 0.822894 0.566586 0.0427339 96.3028 -0.0253099 -0.0385838 0.998935 -2.40176
0.564941 -0.824875 -0.0205802 142.5 0.824842 0.563907 0.0405531 96.991 -0.0218459 -0.0398856 0.998965 -2.44451
0.562596 -0.8265 -0.019564 142.967 0.826302 0.561383 0.0455334 97.7238 -0.0266505 -0.0417827 0.998771 -2.45302
0.560261 -0.828154 -0.0163619 143.418 0.827548 0.558783 0.0540951 98.3997 -0.0356563 -0.0438477 0.998402 -2.47818
0.557689 -0.829948 -0.0129748 143.887 0.828947 0.556075 0.0602236 99.116 -0.0427675 -0.0443415 0.998101 -2.51681
0.553752 -0.832624 -0.00976983 144.342 0.831603 0.552399 0.0573839 99.7921 -0.0423824 -0.0399011 0.998304 -2.53211
0.54902 -0.835804 -0.00297288 144.764 0.835105 0.548408 0.0429945 100.455 -0.0343046 -0.0260875 0.999071 -2.53494
0.54334 -0.839498 -0.00491265 145.183 0.83901 0.542803 0.0377676 101.109 -0.0290392 -0.0246424 0.999274 -2.54363
0.537963 -0.84289 -0.0114588 145.635 0.842519 0.537183 0.0399448 101.811 -0.0275136 -0.0311431 0.999136 -2.57782
0.531519 -0.846982 -0.0104577 146.103 0.846388 0.530579 0.0459762 102.562 -0.0333923 -0.0332885 0.998888 -2.60511
0.52534 -0.850876 -0.00526755 146.555 0.850053 0.524536 0.047659 103.25 -0.0377889 -0.0295148 0.99885 -2.61821
0.520052 -0.854134 0.0011359 146.964 0.8531 0.519487 0.0485039 103.942 -0.0420189 -0.0242555 0.998822 -2.66234
0.514675 -0.857338 0.00902863 147.389 0.856338 0.514538 0.0440014 104.655 -0.0423697 -0.0149149 0.998991 -2.67243
0.509408 -0.86039 0.0152711 147.861 0.859723 0.509619 0.0341319 105.397 -0.0371492 -0.00425816 0.999301 -2.67058
0.503473 -0.86378 0.0199808 148.26 0.863584 0.503816 0.0197828 106.081 -0.0271546 0.00729497 0.999605 -2.68845
0.498078 -0.866936 0.018452 148.684 0.866857 0.498343 0.0146015 106.811 -0.021854 0.00872256 0.999723 -2.71203
0.491796 -0.870558 0.0163008 149.134 0.870293 0.492054 0.0217656 107.598 -0.0269691 0.00348227 0.99963 -2.73362
0.487352 -0.873073 0.0152282 149.55 0.872353 0.487572 0.0356805 108.36 -0.0385765 -0.00410457 0.999247 -2.78483
0.483122 -0.875421 0.0152181 149.962 0.874313 0.483289 0.0448169 109.127 -0.0465884 -0.00834668 0.998879 -2.8124
0.480061 -0.877073 0.016872 150.362 0.875973 0.480313 0.0443906 109.876 -0.0470376 -0.00653081 0.998872 -2.82316
0.478242 -0.878112 0.0143173 150.777 0.877428 0.478438 0.0348938 110.64 -0.0374906 -0.00412527 0.999288 -2.8006
0.476109 -0.879384 0.00201448 151.123 0.878973 0.475954 0.0295592 111.384 -0.0269527 -0.0123027 0.999561 -2.83316
0.474173 -0.880431 -0.00121779 151.498 0.880112 0.473963 0.0276174 112.096 -0.023738 -0.0141672 0.999618 -2.86981
0.472499 -0.881313 0.00559556 151.885 0.880916 0.472462 0.0277029 112.84 -0.0270587 -0.0081604 0.999601 -2.89877
0.472034 -0.881518 0.0105258 152.328 0.880838 0.472093 0.0353885 113.623 -0.0361647 -0.00743299 0.999318 -2.94092
0.471824 -0.881616 0.0116289 152.725 0.880702 0.471878 0.041174 114.386 -0.0417871 -0.0091853 0.999084 -2.98082
0.470011 -0.882612 0.00928614 153.084 0.881706 0.469966 0.0415507 115.132 -0.0410373 -0.0113416 0.999093 -2.98898
0.468342 -0.883506 0.00856215 153.515 0.882899 0.468347 0.0337768 115.897 -0.033852 -0.00825956 0.999393 -2.98763
0.466434 -0.88454 0.00523575 153.916 0.884251 0.466421 0.0234693 116.595 -0.0232016 -0.00631716 0.999711 -3.00499
0.464785 -0.885315 0.0138756 154.286 0.885238 0.464951 0.0132156 117.341 -0.0181514 0.00614076 0.999816 -3.00152
0.464293 -0.885612 0.0111252 154.703 0.885421 0.464424 0.0184216 118.097 -0.0214812 0.00129749 0.999768 -3.03609
0.462909 -0.886275 0.0152281 155.031 0.885859 0.463159 0.0271705 118.887 -0.0311336 0.000912478 0.999515 -3.08241
0.461243 -0.88714 0.0153948 155.444 0.886551 0.461499 0.0323498 119.68 -0.0358035 -0.00127284 0.999358 -3.09353
0.460554 -0.887452 0.0178769 155.858 0.886996 0.460893 0.0285762 120.431 -0.0335993 0.00269585 0.999432 -3.08557
0.460868 -0.887387 0.0120485 156.218 0.887033 0.461025 0.0250766 121.182 -0.0278073 -0.000869593 0.999613 -3.09456
0.460311 -0.887737 0.00612749 156.597 0.887349 0.460297 0.0271753 121.97 -0.026945 -0.00707184 0.999612 -3.12524
0.459576 -0.888111 0.00699312 157.007 0.88768 0.459578 0.0284899 122.735 -0.0285161 -0.00688562 0.99957 -3.13971
0.459069 -0.888372 0.00713184 157.377 0.887811 0.459041 0.0327576 123.484 -0.0323748 -0.00870628 0.999438 -3.14471
0.45866 -0.888594 0.00566277 157.754 0.887925 0.458547 0.036389 124.225 -0.0349317 -0.0116621 0.999322 -3.18114
0.458201 -0.888846 0.00185465 158.116 0.888138 0.457917 0.0390241 124.942 -0.0355357 -0.0162337 0.999237 -3.2005
0.457989 -0.888945 0.00476853 158.488 0.888379 0.457878 0.0336223 125.698 -0.0320718 -0.0111624 0.999423 -3.18854
0.456799 -0.88957 -0.000623769 158.862 0.889172 0.456574 0.0302219 126.418 -0.0265997 -0.01436 0.999543 -3.20416
0.455533 -0.890214 -0.00311276 159.224 0.889828 0.455226 0.0312235 127.16 -0.0263786 -0.0169931 0.999508 -3.23464
0.454067 -0.890967 -0.00109534 159.595 0.890263 0.453659 0.040303 127.935 -0.0354117 -0.0192754 0.999187 -3.27402
0.451838 -0.892081 0.00584615 159.952 0.891102 0.451633 0.0443297 128.593 -0.042186 -0.0148203 0.999 -3.33878
0.451427 -0.892186 0.0147552 160.351 0.891115 0.451616 0.0442382 129.325 -0.0461324 -0.00682177 0.998912 -3.29683
0.45121 -0.892328 0.012641 160.657 0.891494 0.451342 0.0391044 129.976 -0.0405993 -0.00637491 0.999155 -3.2866
0.451605 -0.89216 0.0101901 160.947 0.891505 0.451672 0.034798 130.583 -0.035648 -0.00663045 0.999342 -3.31903
0.452611 -0.891697 0.00435329 161.292 0.891197 0.452512 0.0316285 131.257 -0.030173 -0.0104358 0.99949 -3.32396
0.453192 -0.891366 0.00914674 161.592 0.891029 0.453274 0.0247019 131.88 -0.0261644 -0.00304472 0.999653 -3.3468
0.455546 -0.890149 0.0106091 161.908 0.889942 0.455669 0.0191836 132.513 -0.0219105 0.000702463 0.99976 -3.35121
0.459988 -0.887864 0.0104431 162.165 0.887656 0.460106 0.0191969 133.074 -0.0218491 0.000439554 0.999761 -3.33994
0.46457 -0.885446 0.0126809 162.498 0.885163 0.464742 0.0223716 133.702 -0.0257022 0.000831512 0.999669 -3.33542
0.469877 -0.882581 0.0163361 162.847 0.882094 0.47016 0.0293275 134.299 -0.0335645 0.000629703 0.999436 -3.36464
0.474627 -0.88005 0.0155401 163.13 0.87935 0.474871 0.0352193 134.906 -0.0383743 -0.00305082 0.999259 -3.38421
0.48038 -0.876975 0.0122205 163.434 0.876272 0.480492 0.0356965 135.489 -0.0371768 -0.00643942 0.999288 -3.41803
0.486958 -0.873353 0.0112121 163.735 0.872897 0.48707 0.0285123 136.048 -0.0303624 -0.00409732 0.999531 -3.40734
0.493904 -0.869483 0.00757701 164.061 0.869256 0.493951 0.0201655 136.632 -0.0212763 -0.00337349 0.999768 -3.42729
