0.471519 -0.881732 0.0147828 0.674891 0.881847 0.471523 -0.00340713 0.559726 -0.00396623 0.0146427 0.999885 0.791745
0.470733 -0.882149 0.0149208 1.09831 0.882264 0.470745 -0.00291533 1.36632 -0.00445214 0.0145364 0.999884 0.799677
0.468053 -0.883575 0.0148797 1.52048 0.883696 0.468039 -0.00459104 2.16126 -0.00290774 0.0152979 0.999879 0.799194
0.467628 -0.883794 0.0152695 1.95703 0.883921 0.467613 -0.00474322 2.99951 -0.00294818 0.0157151 0.999872 0.802019
0.467128 -0.884051 0.0156391 2.38903 0.88418 0.467134 -0.00352978 3.82008 -0.00418507 0.0154767 0.999871 0.80749
0.467041 -0.884104 0.0152521 2.81648 0.884204 0.467101 0.000466358 4.65582 -0.00753657 0.0132681 0.999884 0.807542
0.468178 -0.883451 0.0179812 3.25417 0.88357 0.468293 0.00255654 5.48428 -0.010679 0.0146907 0.999835 0.807026
0.468998 -0.882991 0.0191871 3.7057 0.883094 0.469166 0.00523793 6.3303 -0.013627 0.0144875 0.999802 0.802502
0.470482 -0.882143 0.0216867 4.13724 0.882285 0.470686 0.00520835 7.15641 -0.0148021 0.0166834 0.999751 0.80065
0.471976 -0.881348 0.0215389 4.58345 0.881521 0.472136 0.00277374 7.99823 -0.0126139 0.0176779 0.999764 0.798734
0.472758 -0.880983 0.0192115 5.02502 0.881152 0.472832 -0.000751921 8.84513 -0.00842137 0.0172837 0.999815 0.794611
0.474099 -0.880309 0.0168981 5.4814 0.880454 0.474124 -0.00274432 9.69509 -0.00559595 0.0161791 0.999853 0.788438
0.474699 -0.880014 0.0153708 5.9384 0.880127 0.474737 -0.00134561 10.5424 -0.00611294 0.014167 0.999881 0.795498
0.474505 -0.880075 0.0177075 6.39571 0.880192 0.474613 0.00225833 11.3969 -0.0103917 0.0145144 0.999841 0.795386
0.473785 -0.88029 0.024862 6.85879 0.880522 0.473995 0.0030257 12.2586 -0.014448 0.020458 0.999686 0.787366
0.472793 -0.880705 0.0287125 7.32842 0.881059 0.473007 0.000722738 13.1297 -0.0142177 0.0249557 0.999587 0.831483
0.47185 -0.880929 0.0363561 7.79845 0.881609 0.471929 -0.00688937 13.9863 -0.0110885 0.0353026 0.999315 0.780081
0.470292 -0.881507 0.0420733 8.2548 0.882477 0.470156 -0.0136808 14.8607 -0.00772132 0.0435627 0.999021 0.729738
0.468779 -0.882828 0.0293292 8.7143 0.883293 0.468747 -0.00839173 15.736 -0.00633951 0.0298401 0.999535 0.777958
0.468423 -0.883154 0.0248671 9.20573 0.883482 0.468425 -0.00611797 16.6591 -0.00624523 0.0248354 0.999672 0.750364
0.467378 -0.883672 0.0260953 9.64998 0.884013 0.467447 -0.00377475 17.5335 -0.00886255 0.0248328 0.999652 0.73803
0.466211 -0.884258 0.0271213 10.0773 0.884596 0.466357 -0.00102492 18.4211 -0.0117419 0.0244692 0.999632 0.72215
0.465251 -0.884781 0.0265237 10.5689 0.885068 0.465457 0.00185177 19.3267 -0.0139841 0.0226138 0.999646 0.696679
0.465194 -0.884789 0.0272459 11.0423 0.885052 0.465471 0.00447669 20.2285 -0.0166431 0.0220315 0.999619 0.701245
0.464486 -0.885063 0.0302809 11.4964 0.885393 0.46482 0.00471175 21.1647 -0.0182454 0.0246219 0.99953 0.664555
0.463946 -0.885373 0.029458 11.9408 0.885671 0.464282 0.00538557 22.0313 -0.018445 0.0235915 0.999551 0.656629
0.464141 -0.885237 0.0304575 12.4129 0.885603 0.464433 0.0029075 22.9203 -0.0167193 0.0256237 0.999532 0.646712
0.464667 -0.885089 0.0264811 12.8521 0.885357 0.464901 0.00313282 23.7857 -0.0150839 0.0219895 0.999644 0.645283
0.463801 -0.885614 0.024004 13.3125 0.885821 0.464011 0.00373342 24.6856 -0.0144445 0.0195317 0.999705 0.646169
0.463222 -0.885904 0.0244604 13.7622 0.886117 0.463444 0.00400723 25.5419 -0.0148861 0.0198185 0.999693 0.635477
0.462189 -0.886473 0.0233685 14.2061 0.886646 0.462419 0.00530826 26.4171 -0.0155117 0.0182662 0.999713 0.633981
0.461622 -0.886655 0.0273586 14.6672 0.886964 0.461836 0.00169801 27.2759 -0.0141407 0.0234823 0.999624 0.634945
0.461536 -0.886772 0.024905 15.1204 0.887058 0.461657 -0.000977522 28.148 -0.0106307 0.0225433 0.999689 0.636375
0.461526 -0.886864 0.0216021 15.5618 0.887084 0.461605 -0.00145545 29.0325 -0.00868089 0.0198346 0.999766 0.64039
0.461128 -0.88713 0.019015 16.006 0.887267 0.46125 0.00232617 29.8665 -0.0108343 0.0157987 0.999817 0.648293
0.461175 -0.887003 0.0233318 16.4688 0.887197 0.461375 0.00379187 30.7292 -0.0141281 0.0189512 0.999721 0.646803
0.460954 -0.887033 0.0263419 16.9097 0.887294 0.461191 0.00340882 31.588 -0.0151724 0.0218017 0.999647 0.625476
0.460491 -0.887258 0.0268681 17.3304 0.887548 0.46071 0.00228409 32.4418 -0.014405 0.0227949 0.999636 0.624447
0.46065 -0.887187 0.0264606 17.7745 0.887501 0.460806 -0.000246288 33.2733 -0.0119747 0.0235972 0.99965 0.636612
0.460052 -0.887558 0.0243344 18.2306 0.887804 0.460219 0.00144108 34.128 -0.0124782 0.0209412 0.999703 0.650685
0.45947 -0.88772 0.028998 18.6715 0.888032 0.459764 0.00405298 35.0121 -0.0169302 0.023889 0.999571 0.630752
0.458746 -0.88798 0.0323124 19.1283 0.88832 0.459173 0.00690252 35.8883 -0.0209663 0.0255372 0.999454 0.613058
0.457204 -0.88877 0.032433 19.5669 0.889042 0.457713 0.0100996 36.7467 -0.0238212 0.0242167 0.999423 0.609208
0.456254 -0.889309 0.0310025 19.9768 0.889581 0.456695 0.00865453 37.5696 -0.0218552 0.0236306 0.999482 0.603083
0.455647 -0.889644 0.0303359 20.3999 0.890024 0.45591 0.0019998 38.4062 -0.0156095 0.0260885 0.999538 0.588766
0.454176 -0.89052 0.0264133 20.8213 0.890856 0.454279 -0.00228988 39.2381 -0.00995982 0.0245704 0.999649 0.601229
0.453025 -0.891344 0.0165414 21.2098 0.891445 0.453122 0.00246012 40.0064 -0.00968807 0.0136312 0.99986 0.603612
0.452668 -0.891524 0.0166689 21.621 0.891599 0.452798 0.00493113 40.8277 -0.0119439 0.0126298 0.999849 0.589762
0.451607 -0.892068 0.0163118 22.0222 0.892107 0.451763 0.00742417 41.6405 -0.0139919 0.0111991 0.999839 0.593682
0.450576 -0.892592 0.0161597 22.3896 0.892626 0.450733 0.00767758 42.3852 -0.0141366 0.0109652 0.99984 0.599831
0.448927 -0.893441 0.0150569 22.7823 0.893444 0.449082 0.00909586 43.185 -0.0148884 0.00936913 0.999845 0.593346
0.447959 -0.893978 0.0116526 23.1658 0.893914 0.448082 0.0118866 43.9179 -0.0158477 0.0050917 0.999861 0.602623
0.446611 -0.894672 0.00998209 23.534 0.894581 0.446712 0.0131286 44.6443 -0.0162049 0.00306642 0.999864 0.600691
0.445688 -0.895123 0.0108563 23.9205 0.89503 0.445804 0.0133998 45.4218 -0.0168342 0.00374463 0.999851 0.595232
0.444533 -0.895711 0.00961542 24.2572 0.895542 0.444636 0.017434 46.115 -0.0198912 0.000861022 0.999802 0.579397
0.443547 -0.896201 0.00945974 24.6142 0.895965 0.443648 0.0205936 46.8598 -0.0226528 -0.000658626 0.999743 0.582908
0.442085 -0.896918 0.00998972 24.9287 0.896627 0.442196 0.0228583 47.5368 -0.0249194 -0.00114824 0.999689 0.5757
0.440599 -0.897624 0.0120021 25.2539 0.897407 0.440758 0.019846 48.1946 -0.0231043 0.00202664 0.999731 0.566178
0.439661 -0.898102 0.010554 25.57 0.898024 0.439769 0.0124448 48.8512 -0.0158181 0.00400627 0.999867 0.572962
0.437977 -0.898979 0.00369205 25.8917 0.898935 0.437992 0.00884435 49.5486 -0.00956797 -0.000554702 0.999954 0.57238
0.437963 -0.898989 -0.00250974 26.2275 0.898967 0.437928 0.00884629 50.2291 -0.00685363 -0.00613053 0.999958 0.57595
0.436905 -0.899502 -0.00319638 26.4703 0.899448 0.436832 0.0130708 50.8038 -0.0103609 -0.00858566 0.999909 0.584014
0.436234 -0.899833 -0.000707539 26.7588 0.899741 0.436179 0.0146223 51.395 -0.012849 -0.00701536 0.999893 0.57317
0.434908 -0.900474 0.00125662 27.0404 0.900414 0.434894 0.0110263 51.9425 -0.0104754 -0.00366395 0.999938 0.59281
0.435558 -0.900145 0.00531209 27.3161 0.900146 0.435577 0.00326476 52.5129 -0.00525259 0.00335966 0.999981 0.587367
0.436327 -0.899772 0.0054287 27.5822 0.899788 0.436322 -0.00212371 53.0534 -0.000457806 0.00581131 0.999983 0.59313
0.439066 -0.898451 0.00250707 27.8385 0.898455 0.439064 -0.00145802 53.6092 0.000209198 0.00289266 0.999996 0.594804
0.442951 -0.896532 -0.00503541 28.0811 0.896541 0.442923 0.00579239 54.0707 -0.00296276 -0.0070802 0.999971 0.58471
0.44726 -0.894395 -0.00411644 28.3451 0.894387 0.447218 0.00817322 54.6128 -0.00546914 -0.00733724 0.999958 0.58097
0.452539 -0.891745 0.000172702 28.5919 0.891683 0.45251 0.0116535 55.0679 -0.0104701 -0.00511969 0.999932 0.596065
0.459215 -0.888304 0.0060836 28.8401 0.888215 0.459255 0.0126124 55.5227 -0.0139976 -0.000388265 0.999902 0.606746
0.468594 -0.883379 0.00780232 29.0726 0.883292 0.468658 0.0124716 55.9794 -0.0146738 0.00104761 0.999892 0.630093
0.481382 -0.876495 0.00518764 29.3086 0.876398 0.481407 0.0132125 56.4497 -0.0140781 -0.00181383 0.999899 0.642447
0.497717 -0.867339 -0.000945178 29.5039 0.867226 0.497634 0.0167168 56.8515 -0.0140288 -0.00913991 0.99986 0.627963
0.517254 -0.855832 0.000746337 29.7999 0.855699 0.517188 0.0172043 57.2693 -0.01511 -0.00826034 0.999852 0.624055
0.540885 -0.841091 0.00302234 30.0095 0.840927 0.540845 0.018117 57.6331 -0.0168726 -0.00725764 0.999831 0.620277
0.565533 -0.824711 0.00489749 30.243 0.824504 0.565509 0.0198205 58.0304 -0.0191158 -0.00717115 0.999792 0.631924
0.591014 -0.806632 0.00690613 30.5662 0.806376 0.591011 0.0215429 58.4066 -0.0214588 -0.00716322 0.999744 0.625223
0.625522 -0.780176 0.00689945 30.7533 0.779915 0.625506 0.0217832 58.7373 -0.0213103 -0.00824487 0.999739 0.621177
0.65718 -0.753699 0.0072287 31.0243 0.753425 0.657155 0.0223297 59.0751 -0.0215802 -0.00922832 0.999725 0.622717
0.689318 -0.724404 0.00891832 31.3477 0.724103 0.689313 0.0228676 59.3161 -0.0227129 -0.00930523 0.999699 0.608921
0.721489 -0.692374 0.00841384 31.7181 0.692077 0.721458 0.022974 59.533 -0.0219768 -0.0107524 0.999701 0.586501
0.756999 -0.653394 0.0054015 32.0619 0.653138 0.756892 0.0229253 59.7935 -0.0190676 -0.0138265 0.999723 0.604163
0.794524 -0.607218 0.00424494 32.3539 0.607012 0.794403 0.0214484 60.03 -0.016396 -0.0144645 0.999761 0.603778
0.830063 -0.557651 0.00446834 32.6758 0.55746 0.829945 0.0207297 60.2344 -0.0152684 -0.014716 0.999775 0.609457
0.864808 -0.502088 0.00387635 32.9889 0.501922 0.864677 0.0202013 60.4155 -0.0134946 -0.0155246 0.999788 0.579174
0.89607 -0.443892 0.00435724 33.3035 0.443746 0.895958 0.018668 60.5601 -0.0121905 -0.0147943 0.999816 0.570706
0.923288 -0.384085 0.00421776 33.6392 0.383957 0.923177 0.0179214 60.6688 -0.0107771 -0.0149272 0.999831 0.576002
0.945854 -0.324544 0.00562418 34.0247 0.32439 0.945734 0.018912 60.8059 -0.0114567 -0.0160636 0.999805 0.593402
0.964238 -0.264941 0.00711665 34.4051 0.264739 0.96408 0.0215112 60.8262 -0.0125602 -0.0188578 0.999743 0.598586
0.979003 -0.20368 0.00822359 34.7988 0.203483 0.97887 0.0202074 60.9132 -0.0121657 -0.0181098 0.999762 0.591053
0.989774 -0.142407 0.0082336 35.172 0.142247 0.989675 0.0175587 60.9831 -0.0106491 -0.0162079 0.999812 0.580818
0.996411 -0.0841706 0.0089598 35.5261 0.0840426 0.996366 0.0138186 60.9503 -0.0100904 -0.013016 0.999864 0.583565
0.999556 -0.0275892 0.0112387 35.892 0.0274296 0.999524 0.0141163 60.9645 -0.0116228 -0.0138017 0.999837 0.606305
0.999564 0.0280707 0.00920369 36.2697 -0.0282307 0.999444 0.0177437 60.9392 -0.0087005 -0.0179958 0.9998 0.597453
0.996674 0.0810573 0.0084117 36.6624 -0.0812113 0.996497 0.0199409 60.9273 -0.00676588 -0.0205577 0.999766 0.579069
0.991477 0.130147 0.00592315 37.0173 -0.130218 0.991387 0.0139817 60.8996 -0.00405246 -0.0146339 0.999885 0.550861
0.984856 0.173292 0.00531209 37.3671 -0.173293 0.98487 -0.000275934 60.8017 -0.00527954 -0.000648794 0.999986 0.57969
0.977448 0.211013 0.00834616 37.7842 -0.210962 0.977472 -0.00665574 60.7229 -0.00956259 0.00474492 0.999943 0.612537
0.969574 0.244665 0.00808305 38.1647 -0.244653 0.969608 -0.00252327 60.6201 -0.00845474 0.000468961 0.999964 0.655655
0.961306 0.275406 0.00651012 38.5459 -0.275451 0.961286 0.00753585 60.5317 -0.00418267 -0.00903748 0.99995 0.66019
0.952514 0.304469 0.00391664 38.9555 -0.304494 0.952407 0.0143273 60.4463 0.000631989 -0.0148396 0.99989 0.651307
0.94409 0.329685 0.00162473 39.3327 -0.329675 0.943995 0.0136668 60.3305 0.002972 -0.0134383 0.999905 0.643352
0.935764 0.352619 -0.00229707 39.7247 -0.352586 0.935736 0.00900674 60.1671 0.0053254 -0.00761827 0.999957 0.614028
0.928107 0.372197 -0.0093682 40.1175 -0.372172 0.928154 0.00433511 59.9762 0.0103086 -0.000536866 0.999947 0.609041
0.920634 0.390047 -0.017205 40.5214 -0.39 0.920794 0.00615486 59.8063 0.0182429 0.00104356 0.999833 0.632722
0.913401 0.406656 -0.0181528 40.9319 -0.406556 0.913581 0.00904843 59.6404 0.0202637 -0.000884703 0.999794 0.647298
0.907235 0.42046 -0.0117782 41.3734 -0.420361 0.907302 0.0100224 59.4432 0.0149004 -0.00414157 0.99988 0.652135
0.900888 0.433969 -0.00843292 41.8019 -0.433888 0.900912 0.00988948 59.2594 0.011889 -0.00525037 0.999915 0.668786
0.894423 0.44717 -0.00677548 42.2395 -0.447115 0.894438 0.00830112 59.0501 0.00977226 -0.0043953 0.999943 0.657003
0.889295 0.457275 -0.00736984 42.6887 -0.457252 0.889325 0.00458933 58.821 0.00865277 -0.000711393 0.999962 0.659278
0.88428 0.466848 -0.0100462 43.1269 -0.466849 0.884334 0.00246003 58.5733 0.0100327 0.00251471 0.999946 0.675556
0.880273 0.474343 -0.0108904 43.598 -0.474359 0.880331 0.00125058 58.3131 0.0101804 0.00406512 0.99994 0.679296
0.877577 0.479271 -0.0125781 44.0979 -0.479312 0.877644 -0.000303332 58.0423 0.0108937 0.00629502 0.999921 0.680513
0.875171 0.483685 -0.0111436 44.5422 -0.483694 0.875235 0.00207948 57.7592 0.0107591 0.00357019 0.999936 0.685031
0.872657 0.488185 -0.0120193 45.0751 -0.488198 0.872731 0.00204182 57.4682 0.0114864 0.00408596 0.999926 0.687881
0.8703 0.492388 -0.0114833 45.5826 -0.492392 0.870369 0.00264094 57.1663 0.0112951 0.00335589 0.999931 0.691288
0.86865 0.495261 -0.0127488 46.1373 -0.495291 0.868726 0.000915604 56.8567 0.0115287 0.00551901 0.999918 0.701225
0.867444 0.49736 -0.0131673 46.6825 -0.497413 0.867513 -0.000939744 56.5482 0.0109554 0.00736477 0.999913 0.702319
0.866051 0.499786 -0.0130559 47.2495 -0.49983 0.866124 -0.000112816 56.2083 0.0112517 0.00662344 0.999915 0.698271
0.865583 0.500556 -0.0144659 47.8198 -0.500645 0.865647 -0.00313114 55.8514 0.0109551 0.00995256 0.99989 0.724154
0.865902 0.499938 -0.0166244 48.4086 -0.500099 0.865938 -0.00725722 55.4972 0.0107675 0.0145979 0.999835 0.724328
0.867574 0.496983 -0.0179852 49.0135 -0.497204 0.867564 -0.0109767 55.1527 0.010148 0.0184654 0.999778 0.722784
0.869026 0.494367 -0.0198817 49.6342 -0.494649 0.868993 -0.0131604 54.8179 0.010771 0.0212712 0.999716 0.727794
0.871457 0.490142 -0.017996 50.2793 -0.49037 0.871439 -0.0114888 54.4398 0.0100513 0.0188367 0.999772 0.754291
0.87362 0.486342 -0.016107 50.9356 -0.486514 0.873625 -0.00916545 54.0827 0.00961389 0.0158434 0.999828 0.751703
0.875641 0.482716 -0.0154498 51.6521 -0.48288 0.875636 -0.00941063 53.6995 0.00898573 0.0157007 0.999836 0.759235
0.877619 0.479175 -0.0132929 52.3399 -0.479305 0.8776 -0.00924783 53.3419 0.00723455 0.0144874 0.999869 0.75537
0.879124 0.476435 -0.0122504 53.0102 -0.476557 0.879082 -0.0103734 52.9807 0.00582685 0.0149575 0.999871 0.779918
0.881372 0.472305 -0.0105732 53.7512 -0.472387 0.881362 -0.00727314 52.5997 0.00588372 0.011405 0.999918 0.791233
0.882586 0.469978 -0.0127462 54.4543 -0.470056 0.882628 -0.00383107 52.2403 0.00944963 0.00937267 0.999911 0.797665
0.883215 0.468751 -0.0142755 55.2056 -0.468761 0.88332 0.00288883 51.8533 0.013964 0.00414034 0.999894 0.805978
0.883232 0.468688 -0.0152636 55.9453 -0.468658 0.883361 0.00570124 51.4815 0.0161554 0.00211789 0.999867 0.82437
0.883408 0.468424 -0.0130434 56.6971 -0.468333 0.883501 0.00948898 51.1077 0.0159687 -0.00227397 0.99987 0.845051
0.883076 0.469095 -0.0112599 57.4338 -0.468997 0.88314 0.010334 50.7286 0.0147917 -0.00384487 0.999883 0.852851
0.882779 0.469715 -0.00833707 58.1221 -0.469614 0.882795 0.0116431 50.3426 0.0128289 -0.0063631 0.999897 0.851175
0.883388 0.46857 -0.00817543 58.8494 -0.468476 0.883405 0.0112086 49.9816 0.0124742 -0.00607151 0.999904 0.887219
0.883649 0.468084 -0.00782616 59.6019 -0.467995 0.883664 0.0109266 49.6173 0.0120302 -0.00599265 0.99991 0.904377
0.883543 0.468283 -0.0079344 60.3142 -0.468182 0.883553 0.0118332 49.2221 0.0125517 -0.00674036 0.999898 0.898566
0.882989 0.469347 -0.00664674 61.0566 -0.469198 0.882941 0.0163634 48.8275 0.0135488 -0.0113301 0.999844 0.929835
0.881932 0.471357 -0.00436797 61.7863 -0.471195 0.88181 0.0196823 48.4723 0.0131291 -0.0153003 0.999797 0.92835
0.879859 0.475229 -0.00214735 62.4815 -0.475085 0.879687 0.0211181 48.0897 0.0119249 -0.0175608 0.999775 0.926149
0.877748 0.479122 0.00116125 63.2151 -0.479034 0.877536 0.0213837 47.7159 0.00922636 -0.0193258 0.999771 0.952829
0.874937 0.484219 0.004079 63.9352 -0.48418 0.874677 0.022577 47.3344 0.0073644 -0.0217284 0.999737 0.969098
0.871292 0.490747 0.00416627 64.64 -0.490702 0.871014 0.0233652 46.9436 0.00783754 -0.0224023 0.999718 1.00135
0.866738 0.498744 0.00439348 65.3363 -0.49868 0.866399 0.0258895 46.5323 0.00910573 -0.0246304 0.999655 1.01469
0.861956 0.506969 0.00359669 66.0508 -0.506907 0.861684 0.023371 46.1132 0.00874917 -0.021968 0.99972 1.02547
0.856391 0.516307 0.00464238 66.7031 -0.516263 0.856107 0.023497 45.7355 0.00815728 -0.0225193 0.999713 1.03031
0.850932 0.525214 0.0080455 67.4104 -0.525227 0.850547 0.0265684 45.3379 0.00711101 -0.0268336 0.999615 1.06065
0.844688 0.535196 0.0082305 68.0984 -0.53522 0.844338 0.0251724 44.8945 0.00652287 -0.025668 0.999649 1.08091
0.838649 0.544609 0.00829106 68.7684 -0.54463 0.838296 0.0252523 44.4454 0.00680225 -0.0256934 0.999647 1.09212
0.832616 0.553775 0.00919368 69.4077 -0.553795 0.83218 0.0280519 44.0561 0.00788364 -0.0284479 0.999564 1.1117
0.826943 0.562217 0.00879744 70.0254 -0.562208 0.82647 0.0294752 43.6101 0.00930062 -0.0293203 0.999527 1.12267
0.820963 0.570917 0.00854187 70.6699 -0.570884 0.820458 0.0306465 43.1761 0.0104884 -0.0300361 0.999494 1.14547
0.815436 0.578778 0.00902274 71.3066 -0.578722 0.814835 0.0335149 42.7136 0.0120456 -0.0325509 0.999397 1.1198
0.809913 0.586506 0.00716171 71.9276 -0.586406 0.809385 0.0319884 42.2683 0.0129648 -0.0301075 0.999463 1.16644
0.804217 0.594284 0.00788505 72.5245 -0.594202 0.803684 0.0318632 41.8481 0.0125987 -0.0303102 0.999461 1.19282
0.799463 0.600668 0.00749453 73.1114 -0.600581 0.798961 0.0310457 41.4036 0.0126603 -0.029321 0.99949 1.18546
0.795522 0.605869 0.00826293 73.6821 -0.605807 0.795023 0.0305851 40.9642 0.0119613 -0.0293369 0.999498 1.17573
0.791553 0.611042 0.00843983 74.2938 -0.611031 0.79118 0.0260013 40.4953 0.00921048 -0.0257384 0.999626 1.23905
0.788984 0.614373 0.00704536 74.8384 -0.614365 0.788727 0.0215734 40.0636 0.00769725 -0.0213495 0.999742 1.25451
0.787769 0.615947 0.00540126 75.4053 -0.615941 0.787615 0.0167485 39.6132 0.00606208 -0.0165208 0.999845 1.27708
0.78694 0.617021 0.00339427 75.9294 -0.617006 0.78685 0.0130703 39.1998 0.00539385 -0.0123798 0.999909 1.30812
0.786273 0.617878 0.00144401 76.4958 -0.617851 0.786211 0.0114781 38.8033 0.00595675 -0.00991708 0.999933 1.32358
0.786563 0.61751 -0.000604065 76.9909 -0.617473 0.786526 0.0101886 38.3751 0.00676665 -0.00764094 0.999948 1.34219
0.788463 0.615077 -0.00243178 77.4992 -0.61502 0.788434 0.0110725 38.005 0.00872776 -0.00723469 0.999936 1.34913
0.791136 0.611619 -0.00513781 77.9829 -0.611567 0.791143 0.00885788 37.6326 0.00948239 -0.00386567 0.999948 1.39958
0.795659 0.605697 -0.00756081 78.4723 -0.605665 0.795695 0.00620382 37.2639 0.00977374 -0.000356811 0.999952 1.41643
0.803357 0.595474 -0.00519765 78.9002 -0.595417 0.803362 0.00936258 36.9192 0.00975078 -0.00442673 0.999943 1.42383
0.811658 0.58408 -0.0079251 79.3855 -0.584041 0.811696 0.00679601 36.5884 0.0104022 -0.000887449 0.999946 1.4626
0.8216 0.569991 -0.00913122 79.7914 -0.569932 0.821649 0.00834984 36.3243 0.012262 -0.00165606 0.999923 1.46575
0.833207 0.552819 -0.012569 80.2679 -0.55275 0.833302 0.00869448 35.9946 0.0152802 -0.000296776 0.999883 1.47959
0.846097 0.532828 -0.0146071 80.7421 -0.532715 0.846222 0.0111071 35.7266 0.018279 -0.00161632 0.999832 1.46048
0.860192 0.509727 -0.015763 81.209 -0.509582 0.860332 0.0124259 35.4975 0.0198952 -0.00265606 0.999799 1.48986
0.877024 0.48017 -0.0162951 81.6534 -0.480036 0.877173 0.0115545 35.2842 0.0198417 -0.00231134 0.9998 1.51202
0.894358 0.447047 -0.0164961 82.1536 -0.446964 0.89451 0.00861294 35.0826 0.0186063 -0.000329896 0.999827 1.52597
0.911806 0.410363 -0.0145792 82.6266 -0.410291 0.911921 0.00780173 34.8838 0.0164966 -0.00113196 0.999863 1.53546
0.929349 0.369066 -0.0100436 83.1419 -0.368999 0.929396 0.00796189 34.7247 0.0122729 -0.0036933 0.999918 1.56757
0.945715 0.324933 -0.00647341 83.6525 -0.324866 0.945711 0.00964574 34.5996 0.00925619 -0.00701913 0.999932 1.58392
0.961233 0.275711 -0.00385704 84.1488 -0.275657 0.961197 0.0106829 34.5404 0.00665277 -0.00920556 0.999936 1.60873
0.97493 0.22249 -0.00298515 84.6609 -0.222441 0.974874 0.0118225 34.5149 0.00554054 -0.0108621 0.999926 1.60498
0.986405 0.164269 -0.00456013 85.1556 -0.164211 0.986364 0.0110183 34.5073 0.00630791 -0.0101197 0.999929 1.622
0.995185 0.0975047 -0.009948 85.6862 -0.0974201 0.995206 0.00866756 34.4894 0.0107454 -0.00765669 0.999913 1.63856
0.999492 0.0291846 -0.0127919 86.1695 -0.0291085 0.999558 0.00609955 34.4803 0.0129643 -0.0057241 0.9999 1.63838
0.999099 -0.0389724 -0.0168165 86.6389 0.0391139 0.999201 0.00817165 34.5472 0.0164846 -0.00882205 0.999825 1.64081
0.993907 -0.108523 -0.0192534 87.1161 0.108748 0.994008 0.0110526 34.6602 0.0179386 -0.0130791 0.999754 1.61527
0.983818 -0.17783 -0.0218957 87.5836 0.178073 0.98397 0.00966842 34.7649 0.0198254 -0.013411 0.999713 1.61772
0.969069 -0.245795 -0.0221539 88.037 0.246024 0.969229 0.00821419 34.9061 0.0194532 -0.0134105 0.999721 1.62889
0.950132 -0.311293 -0.0186053 88.4485 0.31147 0.950226 0.00748012 35.0774 0.0153507 -0.0129021 0.999799 1.64864
0.927272 -0.374098 -0.0147391 88.8417 0.374223 0.927314 0.00680669 35.2865 0.0111214 -0.0118274 0.999868 1.64681
0.901059 -0.43358 -0.01001 89.2303 0.433659 0.901043 0.00783793 35.547 0.00562106 -0.0114034 0.999919 1.70019
0.872033 -0.489401 -0.00668536 89.641 0.489446 0.871975 0.0101278 35.8002 0.000872921 -0.0121039 0.999926 1.68903
0.842676 -0.538414 -0.00261798 90.0022 0.53839 0.842567 0.0147608 36.0583 -0.00574158 -0.0138481 0.999888 1.69736
0.813972 -0.580902 -0.00180039 90.336 0.580837 0.813826 0.0177509 36.337 -0.00884631 -0.0154944 0.999841 1.72623
0.787027 -0.616909 -0.00349894 90.677 0.616821 0.786788 0.0222812 36.6078 -0.0109926 -0.0196942 0.999746 1.72407
0.763236 -0.646083 -0.00688706 91.024 0.64604 0.762931 0.023842 36.9435 -0.0101496 -0.0226464 0.999692 1.73866
0.741309 -0.671114 -0.00822168 91.3384 0.671078 0.74096 0.0251586 37.229 -0.0107924 -0.0241677 0.99965 1.66254
0.726243 -0.687408 -0.00643073 91.636 0.687357 0.725981 0.022182 37.533 -0.0105795 -0.0205297 0.999733 1.68287
0.713984 -0.700147 -0.00454582 91.9934 0.70008 0.713786 0.0199521 37.8737 -0.0107247 -0.0174279 0.999791 1.69755
0.704689 -0.709494 -0.00569451 92.3309 0.709415 0.70443 0.0225685 38.2438 -0.0120008 -0.0199435 0.999729 1.71714
0.696688 -0.717313 -0.00931598 92.6783 0.717275 0.696318 0.0256465 38.6195 -0.0119097 -0.0245497 0.999628 1.72153
0.69323 -0.720578 -0.0141286 92.9764 0.720649 0.692764 0.0272737 38.9643 -0.00986501 -0.0290887 0.999528 1.7251
0.690951 -0.722622 -0.0201344 93.3796 0.722873 0.690404 0.028249 39.409 -0.00651244 -0.0340733 0.999398 1.73713
0.691676 -0.721778 -0.0249221 93.7016 0.722206 0.691181 0.0262265 39.7687 -0.00170402 -0.0361391 0.999345 1.73383
0.692726 -0.720762 -0.0251335 94.0979 0.7212 0.692281 0.0248482 40.1855 -0.000510225 -0.0353393 0.999375 1.71346
0.695491 -0.718095 -0.0251232 94.5111 0.718519 0.695281 0.0177515 40.5868 0.00472045 -0.0303975 0.999527 1.72362
0.699393 -0.714231 -0.0268936 94.9117 0.714679 0.699322 0.0135218 41.0025 0.00914964 -0.0286773 0.999547 1.73938
0.702766 -0.710854 -0.0283872 95.3202 0.711363 0.702658 0.015323 41.4418 0.0090541 -0.0309621 0.99948 1.76771
0.706451 -0.707155 -0.0293186 95.7163 0.707739 0.706155 0.0212015 41.8691 0.00571069 -0.0357278 0.999345 1.77294
0.709584 -0.704206 -0.024172 96.1913 0.704616 0.709285 0.0207334 42.3077 0.0025443 -0.031744 0.999493 1.7635
0.713135 -0.700777 -0.0186918 96.5999 0.701023 0.712799 0.021981 42.7464 -0.00208029 -0.0287788 0.999584 1.76994
0.716233 -0.697682 -0.0158467 97.0745 0.697839 0.715845 0.0242233 43.226 -0.00555639 -0.028408 0.999581 1.75253
0.718046 -0.695905 -0.0112037 97.5467 0.695962 0.717761 0.0213538 43.6435 -0.00681863 -0.0231303 0.999709 1.73317
0.717717 -0.696257 -0.0104482 98.0409 0.696321 0.717528 0.0170558 44.11 -0.00437837 -0.0195165 0.9998 1.75382
0.717729 -0.696251 -0.0100164 98.515 0.696323 0.717661 0.00988528 44.5818 0.000305758 -0.0140696 0.999901 1.76895
0.717437 -0.696429 -0.0164562 98.9899 0.69658 0.717457 0.00571233 45.0764 0.00782841 -0.0155613 0.999848 1.79262
0.715128 -0.698587 -0.0238281 99.4916 0.698902 0.715169 0.00827941 45.5725 0.0112572 -0.0225743 0.999682 1.78168
0.713538 -0.700137 -0.0259379 100.007 0.700547 0.7135 0.0122914 46.0884 0.00990103 -0.0269411 0.999588 1.78823
0.711685 -0.702209 -0.0201795 100.526 0.702486 0.71155 0.0144852 46.5949 0.00418711 -0.0244847 0.999691 1.79066
0.710073 -0.704 -0.0134017 101.056 0.704123 0.709874 0.0170001 47.1119 -0.00245457 -0.0215078 0.999766 1.77317
0.708445 -0.705704 -0.00936962 101.586 0.705759 0.708318 0.0137692 47.644 -0.00308032 -0.0163674 0.999861 1.81478
0.707117 -0.706977 -0.0130072 102.104 0.707096 0.707013 0.0121708 48.1889 0.000591773 -0.0178035 0.999841 1.81575
0.704754 -0.709227 -0.0178382 102.656 0.709428 0.704712 0.00962653 48.7484 0.00574337 -0.0194392 0.999795 1.82139
0.702428 -0.711369 -0.0234489 103.185 0.711703 0.702394 0.0110116 49.3017 0.00863704 -0.0244235 0.999664 1.84054
0.699677 -0.714039 -0.0244883 103.737 0.714415 0.699602 0.0129296 49.8904 0.0078998 -0.0265414 0.999617 1.81158
0.696407 -0.717321 -0.0216378 104.319 0.717625 0.696307 0.0130964 50.4585 0.00567225 -0.0246482 0.99968 1.80015
0.694797 -0.718869 -0.0220166 104.875 0.719201 0.694576 0.017707 50.9896 0.00256313 -0.0281371 0.999601 1.80793
0.693901 -0.719829 -0.0186572 105.459 0.720071 0.693689 0.0171589 51.5995 0.000590847 -0.0253411 0.999679 1.80726
0.693678 -0.720073 -0.0174796 106.046 0.720285 0.693488 0.016224 52.169 0.000439473 -0.0238445 0.999716 1.804
0.693309 -0.720476 -0.0153783 106.593 0.720638 0.693097 0.0172144 52.7542 -0.00174396 -0.0230171 0.999734 1.80424
0.693573 -0.720247 -0.0141923 107.188 0.720387 0.693438 0.0136521 53.4149 8.56874e-06 -0.0196926 0.999806 1.83526
0.693709 -0.719966 -0.0204148 107.758 0.720247 0.693556 0.0149701 54.0162 0.0033808 -0.0250886 0.999679 1.81163
0.693929 -0.719392 -0.0306097 108.318 0.720034 0.693511 0.0243787 54.6227 0.00369037 -0.0389571 0.999234 1.81358
0.695627 -0.717677 -0.0322921 108.95 0.718399 0.695082 0.0276409 55.2618 0.00260845 -0.0424264 0.999096 1.88174
0.698741 -0.71469 -0.0312975 109.526 0.715374 0.698151 0.0287285 55.862 0.00131843 -0.0424632 0.999097 1.88873
0.700296 -0.713027 -0.03431 110.126 0.713848 0.699643 0.0303469 56.4946 0.00236655 -0.0457439 0.99895 1.87508
0.701472 -0.711859 -0.0345461 110.722 0.712689 0.700873 0.0291851 57.1321 0.00343675 -0.0450931 0.998977 1.87133
0.702582 -0.711011 -0.029014 111.301 0.711589 0.702237 0.0224555 57.6835 0.00440863 -0.0364229 0.999327 1.87517
0.702695 -0.710992 -0.0266408 111.929 0.711471 0.702461 0.0188865 58.3075 0.00528592 -0.0322256 0.999467 1.90352
0.703498 -0.710181 -0.0270657 112.532 0.71068 0.703235 0.0198819 58.9402 0.00491381 -0.0332219 0.999436 1.92051
0.704636 -0.709061 -0.0268469 113.134 0.709562 0.704296 0.0221044 59.525 0.00323481 -0.0346251 0.999395 1.94457
0.705503 -0.708098 -0.0293534 113.757 0.708706 0.704827 0.0308967 60.1679 -0.00118884 -0.0426006 0.999091 1.94022
0.707056 -0.706652 -0.0267582 114.368 0.707139 0.706253 0.0340683 60.7939 -0.0051763 -0.04301 0.999061 1.94647
0.707465 -0.706252 -0.0264885 114.941 0.706748 0.70693 0.0275086 61.3564 -0.000702548 -0.0381821 0.99927 1.91724
0.707889 -0.705548 -0.0330959 115.547 0.706216 0.707822 0.0157186 61.9515 0.0123358 -0.0344999 0.999329 1.86256
0.707314 -0.70605 -0.0346457 116.116 0.706654 0.707509 0.00835852 62.5463 0.0186106 -0.0303946 0.999365 1.90794
0.706697 -0.706802 -0.0317753 116.738 0.70738 0.706729 0.0121395 63.1631 0.0138763 -0.0310561 0.999421 1.93388
0.706933 -0.706839 -0.0249702 117.334 0.707277 0.706596 0.0219327 63.7739 0.00214096 -0.0331658 0.999448 1.9256
0.705737 -0.708433 -0.0076185 117.978 0.70821 0.70514 0.0348651 64.396 -0.0193275 -0.0300011 0.999363 2.00206
0.705044 -0.709136 -0.00623755 118.52 0.709027 0.70471 0.0257727 64.9482 -0.0138807 -0.0225935 0.999648 1.9932
0.704081 -0.709816 -0.0207618 119.087 0.71012 0.703807 0.0196492 65.5583 0.000665008 -0.028578 0.999591 2.03881
0.703329 -0.710383 -0.0261619 119.674 0.710801 0.70328 0.012573 66.1596 0.0094675 -0.0274389 0.999579 2.0001
0.702279 -0.711499 -0.0239251 120.222 0.711836 0.702275 0.010019 66.7579 0.00967344 -0.0240669 0.999664 2.04309
0.69992 -0.71384 -0.0233547 120.815 0.714178 0.699864 0.0118422 67.3543 0.00789166 -0.024968 0.999657 2.06031
0.697604 -0.716035 -0.0253378 121.37 0.716437 0.697526 0.013273 67.9735 0.00816979 -0.0274122 0.999591 2.07198
0.695063 -0.718513 -0.025021 121.926 0.718876 0.695065 0.0100302 68.5843 0.0101844 -0.0249586 0.999637 2.09289
0.691992 -0.721422 -0.0264162 122.497 0.721825 0.691998 0.0104066 69.1975 0.0107724 -0.0262692 0.999597 2.12535
0.689861 -0.723397 -0.0280974 123.048 0.723866 0.689831 0.0122876 69.7686 0.0104937 -0.0288155 0.99953 2.16162
0.688663 -0.724576 -0.0270557 123.568 0.725036 0.688557 0.0145486 70.352 0.00808784 -0.0296354 0.999528 2.16182
0.688279 -0.725075 -0.0232086 124.162 0.725431 0.688117 0.0156272 70.9911 0.00463934 -0.0275921 0.999608 2.14816
0.686379 -0.726856 -0.0237492 124.694 0.727231 0.686195 0.0164435 71.5599 0.00434451 -0.0285576 0.999583 2.16049
0.684718 -0.728418 -0.0238445 125.283 0.728767 0.684662 0.0116929 72.1746 0.00780812 -0.0253834 0.999647 2.17221
0.682016 -0.730998 -0.0222511 125.849 0.731267 0.682057 0.00689989 72.7794 0.0101327 -0.0209773 0.999729 2.19111
0.677265 -0.735445 -0.0207907 126.375 0.735655 0.677344 0.0040345 73.333 0.0111153 -0.0180272 0.999776 2.21739
0.671687 -0.740621 -0.0178158 126.937 0.740798 0.6717 0.00609336 73.9673 0.00745398 -0.0172907 0.999823 2.22733
0.667025 -0.74494 -0.0119592 127.459 0.745035 0.666947 0.0102057 74.5367 0.000373503 -0.0157175 0.999876 2.23335
0.663982 -0.747725 -0.00597369 127.987 0.747686 0.6638 0.0183091 75.1311 -0.00972484 -0.0166234 0.999815 2.24372
0.661622 -0.749787 -0.008714 128.54 0.749729 0.661286 0.0246385 75.7527 -0.0127112 -0.0228345 0.999658 2.23821
0.657366 -0.753499 -0.0104141 129.031 0.753522 0.657102 0.020544 76.3125 -0.00863679 -0.0213522 0.999735 2.235
0.653045 -0.75714 -0.0164725 129.599 0.757319 0.652915 0.0130705 76.9818 0.000858915 -0.0210105 0.999779 2.23125
0.647182 -0.76215 -0.0167833 130.092 0.762313 0.647174 0.0066489 77.5729 0.00579427 -0.0170972 0.999837 2.21668
0.641883 -0.766617 -0.0168613 130.589 0.76677 0.641902 0.00495543 78.1905 0.00702436 -0.0161095 0.999846 2.22438
0.636743 -0.770767 -0.021824 131.113 0.771064 0.636639 0.0123067 78.8511 0.00440839 -0.0246639 0.999686 2.2428
0.630079 -0.776038 -0.0276634 131.617 0.776513 0.629906 0.0156912 79.4974 0.00524838 -0.0313677 0.999494 2.23968
0.623125 -0.781548 -0.0299801 132.108 0.782075 0.62305 0.0128979 80.1396 0.00859879 -0.0314837 0.999467 2.27894
0.616503 -0.786717 -0.0316392 132.604 0.787276 0.616506 0.0108223 80.7491 0.0109917 -0.0315808 0.999441 2.2775
0.609546 -0.792152 -0.0308106 133.118 0.792697 0.609497 0.0120476 81.4363 0.00923544 -0.0317671 0.999453 2.29745
0.602742 -0.797398 -0.0293145 133.618 0.797923 0.60254 0.016291 82.104 0.00467278 -0.03321 0.999437 2.27397
0.596141 -0.802396 -0.0278801 134.099 0.802879 0.595835 0.0191425 82.7855 0.00125205 -0.0337959 0.999428 2.26423
0.589687 -0.807195 -0.0265833 134.577 0.80763 0.589297 0.0214891 83.4584 -0.00168041 -0.0341413 0.999416 2.2721
0.584418 -0.811056 -0.0253556 135.029 0.811433 0.583905 0.0251059 84.1275 -0.00555699 -0.0352467 0.999363 2.27251
0.581653 -0.813053 -0.024995 135.506 0.813412 0.581118 0.0257456 84.8022 -0.0064075 -0.0353063 0.999356 2.29916
0.578223 -0.815319 -0.0302111 135.967 0.815878 0.57778 0.0226317 85.4711 -0.000996698 -0.0377347 0.999287 2.31514
0.575156 -0.817226 -0.0365783 136.438 0.818022 0.57489 0.0184682 86.1695 0.00593578 -0.040544 0.99916 2.3111
0.572978 -0.818657 -0.0386896 136.884 0.819521 0.572825 0.0160328 86.841 0.00903704 -0.0408934 0.999123 2.31805
0.569679 -0.820798 -0.0419116 137.373 0.821848 0.569271 0.0222663 87.5527 0.00558292 -0.0471297 0.998873 2.33272
0.568139 -0.821904 -0.0411312 137.859 0.822929 0.567294 0.0310639 88.2538 -0.002198 -0.0514967 0.998671 2.31349
0.564921 -0.824426 -0.034441 138.284 0.825061 0.563775 0.0378376 88.9181 -0.0117773 -0.0497912 0.99869 2.34347
0.561312 -0.826987 -0.0319733 138.747 0.827538 0.56036 0.0342965 89.5839 -0.0104461 -0.0457102 0.9989 2.33343
0.557132 -0.829938 -0.0283951 139.231 0.830423 0.556763 0.0203012 90.2612 -0.00103941 -0.0348904 0.999391 2.35192
0.551412 -0.833717 -0.0293405 139.667 0.834217 0.551278 0.0132165 90.9716 0.00515593 -0.0317641 0.999482 2.34473
0.545758 -0.837207 -0.0351051 140.135 0.837927 0.545526 0.0167441 91.6768 0.0051324 -0.0385537 0.999243 2.33837
0.538751 -0.841828 -0.032747 140.615 0.842465 0.538344 0.0209382 92.4165 2.84248e-06 -0.0388687 0.999244 2.34337
0.533321 -0.84569 -0.0194336 140.985 0.84589 0.532998 0.0195682 93.0427 -0.00619052 -0.0268748 0.99962 2.39559
0.528187 -0.849056 -0.0110459 141.409 0.849081 0.527977 0.0173513 93.7302 -0.00890024 -0.0185436 0.999788 2.38835
0.523409 -0.852081 0.000864593 141.879 0.852027 0.523386 0.010833 94.4691 -0.00968308 -0.00493341 0.999941 2.39179
0.517908 -0.855372 0.0104718 142.322 0.855417 0.517939 0.000268357 95.1705 -0.00565329 0.00881876 0.999945 2.38915
0.511784 -0.859094 0.00587262 142.743 0.859111 0.511752 -0.00623888 95.8658 0.00235446 0.00823819 0.999963 2.39905
0.505934 -0.862558 -0.00494585 143.197 0.862522 0.505958 -0.00781915 96.5841 0.00924686 -0.000309927 0.999957 2.37233
0.499866 -0.866072 -0.00731157 143.617 0.866084 0.499893 -0.00229143 97.3113 0.00563954 -0.00518703 0.999971 2.36902
0.496708 -0.867899 -0.00573695 144.039 0.867884 0.496618 0.0121845 98.0408 -0.00772585 -0.0110311 0.999909 2.39824
0.492545 -0.870265 -0.00613033 144.464 0.870158 0.492339 0.0206535 98.7875 -0.0149558 -0.0155071 0.999768 2.39912
0.488748 -0.872425 0.000318376 144.837 0.872312 0.488691 0.0159325 99.5222 -0.0140555 -0.00750927 0.999873 2.36756
0.486746 -0.873544 0.000677737 145.25 0.873523 0.486739 0.00655328 100.275 -0.00605445 -0.00259776 0.999978 2.40901
0.4841 -0.874934 -0.0117217 145.644 0.874997 0.484129 0.000383833 101.046 0.005339 -0.0104423 0.999931 2.41913
0.482447 -0.875773 -0.0162992 145.995 0.875875 0.482534 -0.00168721 101.761 0.00934252 -0.013462 0.999866 2.44168
0.480558 -0.87685 -0.0140939 146.424 0.876941 0.480597 0.000673999 102.506 0.0061825 -0.0126834 0.9999 2.43771
0.47984 -0.877325 -0.00743803 146.854 0.877356 0.479814 0.0049777 103.29 -0.000798183 -0.00891429 0.99996 2.44984
0.480007 -0.877247 -0.00548399 147.219 0.87723 0.479924 0.0118312 104.011 -0.00774701 -0.0104898 0.999915 2.41534
0.478565 -0.878042 -0.00416531 147.651 0.878005 0.478485 0.0126237 104.8 -0.00909113 -0.00969844 0.999912 2.42549
0.476741 -0.879001 -0.00864939 148.03 0.879041 0.47669 0.0072866 105.549 -0.00228185 -0.011077 0.999936 2.43278
0.475151 -0.879858 -0.00903132 148.439 0.879844 0.475214 -0.0068643 106.262 0.0103314 -0.00468457 0.999936 2.44527
0.473282 -0.88091 -0.0013893 148.849 0.880745 0.473223 -0.0186819 106.997 0.0171145 0.00761819 0.999825 2.49101
0.472037 -0.88156 -0.00579676 149.232 0.881483 0.472073 -0.0116 107.759 0.0129626 0.000365892 0.999916 2.49126
0.47051 -0.882379 -0.00519363 149.618 0.882377 0.47053 -0.00358509 108.512 0.00560717 -0.00289592 0.99998 2.4848
0.469886 -0.882723 0.00270399 150.037 0.882727 0.469887 -0.000549879 109.307 -0.000785178 0.00264526 0.999996 2.49442
0.468853 -0.883251 0.00674115 150.418 0.883275 0.468827 -0.00511284 110.068 0.00135549 0.00835146 0.999964 2.50559
0.469288 -0.883045 0.000425335 150.798 0.882996 0.469257 -0.0107409 110.783 0.00928512 0.00541616 0.999942 2.54392
0.468963 -0.883214 -0.00270906 151.174 0.883157 0.468965 -0.010302 111.567 0.0103693 0.00243873 0.999943 2.5662
0.468819 -0.883265 -0.0072311 151.57 0.883257 0.468859 -0.00528861 112.309 0.00806161 -0.00390752 0.99996 2.55766
0.468132 -0.883594 -0.0107182 151.925 0.883649 0.468148 0.00107396 113.045 0.00406876 -0.00997389 0.999942 2.5892
0.467615 -0.883771 -0.0168911 152.325 0.883931 0.467502 0.0103571 113.798 -0.00125666 -0.0197737 0.999804 2.57928
0.467232 -0.883988 -0.0161094 152.704 0.884133 0.467117 0.0105329 114.53 -0.00178596 -0.0191641 0.999815 2.58365
0.466547 -0.884393 -0.0135164 153.078 0.88449 0.466545 0.00349766 115.237 0.00321271 -0.013587 0.999902 2.62659
0.465842 -0.884767 -0.0133904 153.465 0.884821 0.46592 -0.00329656 116.012 0.00915552 -0.0103124 0.999905 2.62943
0.464634 -0.885369 -0.0153799 153.818 0.885459 0.464714 -0.00188431 116.745 0.00881559 -0.0127428 0.99988 2.66057
0.462896 -0.886223 -0.0183106 154.198 0.88641 0.462749 0.011855 117.477 -0.00203294 -0.0217183 0.999762 2.62114
0.461417 -0.887079 -0.0136399 154.578 0.887126 0.461157 0.0185037 118.173 -0.0101241 -0.0206382 0.999736 2.6388
0.461273 -0.887251 -0.00344839 154.935 0.887195 0.46119 0.0137187 118.798 -0.0105816 -0.00938747 0.9999 2.6375
0.460408 -0.887707 0.000443848 155.285 0.887686 0.460401 0.00670562 119.474 -0.00615698 -0.00269333 0.999977 2.67316
0.461238 -0.88725 -0.00678854 155.602 0.887274 0.461208 0.00562579 120.102 -0.00186056 -0.00861813 0.999961 2.6493
0.462112 -0.886681 -0.0157985 155.981 0.886811 0.462119 0.00338765 120.782 0.00429704 -0.0155758 0.999869 2.6628
0.462843 -0.88637 -0.0111908 156.306 0.886391 0.462914 -0.00474645 121.419 0.00938748 -0.00772257 0.999926 2.65384
0.465746 -0.884826 -0.0128004 156.587 0.884831 0.465854 -0.00733662 122.007 0.0124547 -0.00790918 0.999891 2.67712
0.469744 -0.882712 -0.0126793 156.9 0.882696 0.469862 -0.00878705 122.584 0.0137139 -0.00706428 0.999881 2.71139
0.474465 -0.880175 -0.0132363 157.205 0.88023 0.474539 -0.00289509 123.209 0.00882932 -0.0102774 0.999908 2.73497
0.480104 -0.87703 -0.0178398 157.542 0.877211 0.479981 0.010914 123.774 -0.00100909 -0.0208891 0.999781 2.73481
0.484664 -0.874606 -0.0128317 157.831 0.874682 0.484505 0.0136638 124.376 -0.0057334 -0.017846 0.999824 2.75252
0.490438 -0.871386 -0.0125311 158.144 0.87147 0.490332 0.0107062 124.944 -0.00318488 -0.0161712 0.999864 2.75599
0.496584 -0.867838 -0.0161454 158.438 0.867978 0.496584 0.00433545 125.512 0.00425507 -0.0161668 0.99986 2.76373
0.502861 -0.864125 -0.020444 158.749 0.864264 0.503026 -0.00353941 126.052 0.0133423 -0.0158892 0.999785 2.77599
0.50938 -0.860062 -0.0287264 159.068 0.86034 0.5097 -0.00465057 126.608 0.0186416 -0.0223455 0.999576 2.77458
0.515997 -0.856017 -0.0313347 159.423 0.856433 0.516259 -0.000296696 127.153 0.0164308 -0.0266829 0.999509 2.81688
0.520262 -0.853573 -0.0272137 159.754 0.853927 0.520385 0.00291397 127.716 0.0116743 -0.0247545 0.999625 2.84154
0.525614 -0.85039 -0.0238147 160.133 0.850695 0.525619 0.00653283 128.313 0.00696203 -0.0236928 0.999695 2.8321
0.530474 -0.847585 -0.0140096 160.461 0.847686 0.53049 0.00289117 128.822 0.00498146 -0.0134095 0.999898 2.83924
0.53341 -0.845761 -0.0127317 160.794 0.845849 0.53341 0.00368729 129.351 0.00367263 -0.0127359 0.999912 2.85838
0.533846 -0.845392 -0.0179025 161.157 0.845577 0.533794 0.00795577 129.916 0.00283051 -0.0193851 0.999808 2.85154
0.533882 -0.845292 -0.0212428 161.508 0.845559 0.533722 0.01306 130.462 0.000298236 -0.0249346 0.999689 2.84058
0.533311 -0.845736 -0.0175969 161.854 0.845916 0.533136 0.0138664 131.009 -0.00234574 -0.0222806 0.999749 2.85354
0.533499 -0.845552 -0.0204994 162.184 0.845795 0.533252 0.0165479 131.555 -0.00306078 -0.0261666 0.999653 2.83808
0.533142 -0.845653 -0.0250906 162.522 0.846023 0.53298 0.0133162 132.107 0.00211186 -0.0283267 0.999596 2.83824
0.532176 -0.84592 -0.0347582 162.852 0.84655 0.532252 0.00780046 132.649 0.0119015 -0.0335757 0.999365 2.83965
0.530527 -0.846986 -0.0339923 163.203 0.847437 0.530892 -0.002086 133.242 0.0198131 -0.0276997 0.99942 2.88239
