0.478683 -0.87775 0.0204598 0.683951 0.877971 0.478688 -0.00496788 0.553054 -0.0054333 0.0203412 0.999778 0.788652
0.478617 -0.877807 0.0194996 0.855078 0.878014 0.4786 -0.00581014 0.848423 -0.00423231 0.0199017 0.999793 0.782624
0.477915 -0.878244 0.0168977 1.10226 0.878401 0.477887 -0.00594132 1.31998 -0.00285727 0.0176824 0.99984 0.779916
0.476742 -0.878924 0.0144726 1.4249 0.879041 0.476712 -0.00566806 1.94485 -0.00191749 0.0154242 0.999879 0.770823
0.475467 -0.879633 0.0132805 1.78827 0.879731 0.475447 -0.0048741 2.63995 -0.00202677 0.0140008 0.9999 0.764055
0.474181 -0.880317 0.0139227 2.1942 0.880422 0.474175 -0.00398032 3.40989 -0.00309785 0.0141453 0.999895 0.766071
0.473101 -0.88089 0.0144413 2.60081 0.880999 0.473107 -0.0032047 4.19635 -0.00400928 0.0142389 0.999891 0.770247
0.471923 -0.881504 0.0154351 3.02289 0.88163 0.471927 -0.00362778 5.0071 -0.00408631 0.01532 0.999874 0.771739
0.470892 -0.88204 0.0163234 3.45965 0.882183 0.470887 -0.00438737 5.82837 -0.00381662 0.0164662 0.999857 0.780358
0.469991 -0.882509 0.0169455 3.90787 0.882663 0.469985 -0.00455388 6.66179 -0.0039453 0.0170975 0.999846 0.78964
0.469496 -0.882764 0.0173612 4.36169 0.882919 0.469515 -0.00320732 7.5041 -0.00532003 0.0168343 0.999844 0.796174
0.469673 -0.882643 0.0186609 4.82195 0.882802 0.469746 -0.00052103 8.35394 -0.00830599 0.0167186 0.999826 0.786836
0.470359 -0.882247 0.0200616 5.28712 0.882397 0.470498 0.00264783 9.20875 -0.011775 0.0164568 0.999795 0.778221
0.471687 -0.881494 0.0219023 5.74918 0.881646 0.471887 0.00479346 10.0677 -0.0145608 0.0170491 0.999749 0.760035
0.47335 -0.880554 0.0237535 6.20519 0.880738 0.473579 0.00481801 10.9167 -0.0154917 0.01864 0.999706 0.75001
0.475089 -0.87963 0.0232807 6.64641 0.879838 0.475267 0.00246416 11.7652 -0.0132321 0.0193125 0.999726 0.755455
0.476733 -0.878779 0.0217453 7.08663 0.878995 0.476831 -0.000786807 12.6125 -0.0096774 0.0194891 0.999763 0.7617
0.478064 -0.87811 0.0194298 7.52753 0.878302 0.478095 -0.00334933 13.4599 -0.0063482 0.0186664 0.999806 0.764799
0.47896 -0.877643 0.0184468 7.97343 0.877819 0.478978 -0.00375155 14.3174 -0.00554307 0.0179898 0.999823 0.758369
0.479162 -0.877502 0.0198567 8.42938 0.877693 0.479219 -0.00204774 15.1816 -0.00771881 0.0184093 0.999801 0.7491
0.478667 -0.877645 0.024839 8.89298 0.877935 0.478777 -0.00169332 16.0482 -0.0104062 0.0226175 0.99969 0.735388
0.477496 -0.878096 0.0307382 9.37239 0.878554 0.477633 -0.00320294 16.9205 -0.0118691 0.0285346 0.999522 0.740355
0.475905 -0.878749 0.0362672 9.85784 0.879422 0.475998 -0.00656837 17.7936 -0.0114912 0.0350201 0.999321 0.742936
0.473833 -0.879787 0.0381678 10.3436 0.880564 0.473824 -0.00985476 18.6764 -0.00941474 0.0382787 0.999223 0.741252
0.472098 -0.880731 0.0379126 10.8267 0.881511 0.472026 -0.0113807 19.5622 -0.00787243 0.0387932 0.999216 0.735944
0.470772 -0.881522 0.0359611 11.308 0.882221 0.470722 -0.0103822 20.4566 -0.00777549 0.0366133 0.999299 0.724683
0.469528 -0.882314 0.0326346 11.7793 0.882876 0.469545 -0.0076035 21.3544 -0.00861474 0.0323823 0.999438 0.728053
0.468623 -0.882856 0.0309547 12.2511 0.883337 0.468715 -0.00467907 22.2525 -0.010378 0.0295362 0.99951 0.725975
0.468217 -0.883101 0.030109 12.7215 0.883514 0.468404 -0.000921046 23.1419 -0.0132898 0.027033 0.999546 0.734126
0.467871 -0.883276 0.0303346 13.1914 0.883646 0.468149 0.0023852 24.0268 -0.0163079 0.0256891 0.999537 0.734311
0.467923 -0.883262 0.0299287 13.6571 0.883569 0.468269 0.00541854 24.9184 -0.0188007 0.0239086 0.999537 0.73466
0.468103 -0.883221 0.02828 14.1257 0.883452 0.468463 0.00743799 25.8074 -0.0198176 0.0215023 0.999572 0.736288
0.468375 -0.883141 0.0262022 14.5856 0.883323 0.468701 0.00775928 26.6932 -0.0191336 0.0195108 0.999627 0.725349
0.468178 -0.883309 0.0239468 15.0422 0.883467 0.468445 0.00677124 27.5717 -0.0171989 0.017986 0.99969 0.715034
0.467541 -0.883673 0.022955 15.4995 0.883832 0.467771 0.00560252 28.4561 -0.0156885 0.0176689 0.999721 0.702933
0.46666 -0.884124 0.0235284 15.9688 0.88431 0.466878 0.00450116 29.3409 -0.0149645 0.0187059 0.999713 0.684563
0.465947 -0.884493 0.023767 16.434 0.884695 0.466155 0.00380338 30.2252 -0.0144432 0.0192544 0.99971 0.687917
0.465216 -0.884902 0.0228671 16.8853 0.885104 0.465386 0.00247682 31.1057 -0.0128338 0.0190875 0.999735 0.700841
0.464632 -0.885239 0.0216786 17.3378 0.885438 0.464757 0.000838134 31.9889 -0.0108172 0.0188056 0.999765 0.705622
0.464325 -0.885432 0.0202931 17.7883 0.885611 0.464427 0.000357693 32.8673 -0.00974136 0.0178057 0.999794 0.700312
0.464506 -0.88533 0.020624 18.2404 0.885509 0.464621 0.00086422 33.7414 -0.0103475 0.0178613 0.999787 0.693663
0.464484 -0.88529 0.0227407 18.6846 0.885499 0.464639 0.00175438 34.6117 -0.0121193 0.019322 0.99974 0.688079
0.464482 -0.88524 0.0246232 19.1357 0.885474 0.46468 0.00272515 35.467 -0.0138543 0.0205374 0.999693 0.693661
0.464387 -0.885222 0.0269646 19.5892 0.88551 0.464614 0.00247922 36.3182 -0.0147228 0.0227261 0.999633 0.699854
0.463921 -0.885418 0.0284935 20.0424 0.885744 0.464168 0.00236545 37.1633 -0.0153202 0.0241405 0.999591 0.705403
0.46307 -0.885789 0.0307186 20.4871 0.886174 0.463348 0.0022247 38.01 -0.016204 0.0261918 0.999526 0.699871
0.46195 -0.886264 0.0337426 20.9327 0.88671 0.462313 0.00341297 38.8604 -0.0186244 0.0283433 0.999425 0.704584
0.460814 -0.886755 0.0362762 21.3742 0.887227 0.461297 0.00581458 39.7175 -0.0218902 0.0295058 0.999325 0.691192
0.459799 -0.887193 0.0383868 21.8055 0.8877 0.460368 0.00707708 40.5679 -0.0239508 0.0308219 0.999238 0.671099
0.458552 -0.887919 0.0364794 22.2178 0.88846 0.458946 0.00279821 41.3958 -0.0192267 0.0311273 0.99933 0.673183
0.457654 -0.888492 0.0336723 22.6353 0.889028 0.457848 -0.00217837 42.2065 -0.0134813 0.0309326 0.999431 0.671627
0.456921 -0.889055 0.0283513 23.0477 0.889465 0.456979 -0.00476605 43.0191 -0.00871866 0.0273952 0.999587 0.670325
0.456215 -0.889549 0.0238922 23.4571 0.889843 0.456243 -0.0045838 43.8401 -0.00682314 0.0233515 0.999704 0.659998
0.455347 -0.890058 0.0213315 23.8615 0.890279 0.45541 -0.00210541 44.6623 -0.00784065 0.0199497 0.99977 0.657356
0.454375 -0.890586 0.0200154 24.2715 0.890756 0.45448 0.000824283 45.4582 -0.0098307 0.0174543 0.999799 0.669039
0.453059 -0.891259 0.0198882 24.6647 0.891398 0.453208 0.00348899 46.2437 -0.0121231 0.0161476 0.999796 0.680466
0.451838 -0.891863 0.0205681 25.0458 0.891986 0.452028 0.00554656 47.013 -0.0142442 0.0158404 0.999773 0.6843
0.450479 -0.892525 0.0216241 25.4166 0.892653 0.450698 0.0063977 47.7535 -0.0154561 0.0164208 0.999746 0.67483
0.449258 -0.893145 0.0214417 25.7808 0.893255 0.449491 0.00736745 48.4726 -0.016218 0.015843 0.999743 0.669844
0.448109 -0.893739 0.0207203 26.1368 0.893817 0.448348 0.00862265 49.1906 -0.0169963 0.0146563 0.999748 0.661903
0.44706 -0.894298 0.0191772 26.488 0.894309 0.447308 0.0113023 49.9064 -0.0186857 0.0120975 0.999752 0.655064
0.446111 -0.89478 0.0188128 26.8358 0.894731 0.446383 0.0141004 50.6165 -0.0210145 0.010542 0.999724 0.63447
0.444962 -0.895369 0.0179603 27.1744 0.895281 0.44523 0.015554 51.3169 -0.0219231 0.00915854 0.999718 0.633971
0.443668 -0.896046 0.0161484 27.4921 0.895978 0.443883 0.0138055 51.9978 -0.0195384 0.00834355 0.999774 0.648121
0.442487 -0.896683 0.0128396 27.8039 0.896649 0.442619 0.0104097 52.6483 -0.0150173 0.00690648 0.999863 0.652536
0.441563 -0.897184 0.0091374 28.1108 0.897178 0.441624 0.0062818 53.2784 -0.00967123 0.00542407 0.999939 0.653459
0.441088 -0.897447 0.00546068 28.4224 0.897442 0.441111 0.00425484 53.8997 -0.00622727 0.00302389 0.999976 0.65749
0.440313 -0.897838 0.00347597 28.7151 0.897827 0.440325 0.00446729 54.506 -0.00554146 0.00115382 0.999984 0.665418
0.439411 -0.898279 0.00366737 29.0004 0.898267 0.439425 0.00474318 55.0912 -0.00587223 0.00121008 0.999982 0.679138
0.438897 -0.898514 0.00648918 29.2705 0.89852 0.438922 0.00309102 55.6451 -0.00562557 0.00447401 0.999974 0.698664
0.439224 -0.89832 0.0102309 29.5444 0.898369 0.439242 -0.000500588 56.1798 -0.00404417 0.00941102 0.999948 0.710796
0.441185 -0.897349 0.0109985 29.8075 0.897414 0.441176 -0.00336052 56.6939 -0.00183672 0.0113528 0.999934 0.72219
0.444739 -0.895617 0.00878095 30.0667 0.89566 0.444725 -0.00359303 57.207 -0.000687121 0.00946271 0.999955 0.723716
0.449202 -0.893394 0.0080104 30.3188 0.89343 0.449194 -0.00295372 57.7196 -0.000959391 0.00848355 0.999964 0.714432
0.45431 -0.890792 0.0096145 30.5631 0.890837 0.454323 -0.00095376 58.223 -0.00351848 0.00899825 0.999953 0.708759
0.460533 -0.887524 0.0144909 30.8142 0.887607 0.4606 0.00148872 58.6981 -0.00799577 0.0121766 0.999894 0.703734
0.46846 -0.883299 0.0181232 31.0726 0.883404 0.468596 0.00394598 59.1557 -0.011978 0.0141616 0.999828 0.716659
0.47952 -0.877348 0.017911 31.3374 0.877414 0.47969 0.00655314 59.5905 -0.0143411 0.012573 0.999818 0.738552
0.494497 -0.869075 0.0135014 31.5888 0.869052 0.494631 0.00945622 60.011 -0.0148964 0.00705736 0.999864 0.750568
0.511862 -0.859012 0.00976034 31.8555 0.858935 0.51195 0.0117353 60.4199 -0.0150776 0.00237665 0.999883 0.745278
0.532454 -0.846411 0.00905863 32.1252 0.84632 0.53253 0.0124534 60.8168 -0.0153647 0.00103562 0.999881 0.732126
0.556617 -0.830697 0.0109557 32.4012 0.830607 0.556721 0.0123932 61.1932 -0.0163943 0.00220157 0.999863 0.726201
0.5823 -0.81287 0.0130377 32.6893 0.812783 0.582436 0.0123285 61.5559 -0.0176151 0.00341794 0.999839 0.726242
0.610464 -0.791898 0.0151826 32.9818 0.791815 0.610636 0.0123561 61.9005 -0.0190558 0.00447884 0.999808 0.732691
0.643687 -0.765122 0.0159899 33.2573 0.765021 0.643874 0.0130114 62.2253 -0.0202507 0.00385733 0.999788 0.739103
0.677851 -0.735008 0.0167925 33.5367 0.734889 0.678052 0.0135534 62.5258 -0.021348 0.00315344 0.999767 0.74271
0.713396 -0.700565 0.0165802 33.8139 0.700428 0.713587 0.013977 62.8121 -0.0216232 0.0016421 0.999765 0.746267
0.749195 -0.662152 0.0161946 34.1147 0.662002 0.74937 0.0140614 63.081 -0.0214465 0.000186076 0.99977 0.746734
0.787166 -0.616561 0.014906 34.4331 0.616416 0.787306 0.0134684 63.3133 -0.0200396 -0.00141356 0.999798 0.736802
0.823733 -0.566812 0.0137266 34.7644 0.566673 0.823843 0.0128263 63.5171 -0.0185786 -0.00278692 0.999824 0.731174
0.857777 -0.513863 0.0127803 35.0991 0.513729 0.857863 0.012391 63.6885 -0.017331 -0.00406309 0.999842 0.715437
0.889671 -0.456422 0.0128479 35.474 0.456311 0.889756 0.0106865 63.8397 -0.016309 -0.00364485 0.99986 0.706688
0.917728 -0.396997 0.0130258 35.8524 0.396901 0.917814 0.00934317 63.9663 -0.0156644 -0.00340454 0.999871 0.704595
0.941678 -0.336227 0.013936 36.2291 0.336131 0.941774 0.00882173 64.0666 -0.0160907 -0.00362289 0.999864 0.711007
0.961395 -0.274755 0.0151584 36.6071 0.274637 0.961502 0.00942897 64.1362 -0.0171655 -0.0049019 0.999841 0.714369
0.976885 -0.213091 0.0169534 36.9883 0.212937 0.97701 0.0104778 64.1785 -0.0187963 -0.00662561 0.999801 0.702642
0.9882 -0.152049 0.0185104 37.3788 0.151874 0.988344 0.0105296 64.2019 -0.0198956 -0.00759412 0.999773 0.686953
0.99554 -0.0923078 0.0194751 37.765 0.0921527 0.995707 0.00871915 64.1984 -0.0201963 -0.00688558 0.999772 0.681698
0.999213 -0.0345144 0.0195742 38.1484 0.034392 0.999387 0.00655859 64.1667 -0.0197885 -0.00588023 0.999787 0.69316
0.999582 0.0217754 0.018993 38.519 -0.0218968 0.999741 0.00620817 64.1262 -0.0188529 -0.00662146 0.9998 0.712111
0.996996 0.0753359 0.017965 38.8932 -0.0754789 0.99712 0.00742006 64.0796 -0.0173543 -0.00875375 0.999811 0.713669
0.992286 0.122871 0.0164918 39.2588 -0.122997 0.992383 0.00687245 64.0335 -0.0155217 -0.00884787 0.99984 0.661048
0.985709 0.167709 0.0158541 39.6063 -0.167759 0.985826 0.00190515 63.9806 -0.0153099 -0.0045376 0.999873 0.624932
0.97756 0.21005 0.0160149 39.9087 -0.209973 0.977687 -0.00633476 63.9366 -0.0169881 0.00282991 0.999852 0.620839
0.96827 0.249438 0.015287 40.2012 -0.24928 0.968363 -0.0114877 63.8995 -0.0176689 0.00731247 0.999817 0.648227
0.959312 0.282053 0.0129036 40.5269 -0.281974 0.959392 -0.00759588 63.8878 -0.0145221 0.00364833 0.999888 0.719424
0.950217 0.311404 0.0107533 40.8865 -0.311414 0.950274 -0.000766425 63.8692 -0.0104573 -0.00262047 0.999942 0.74109
0.941442 0.337049 0.00921962 41.2983 -0.337116 0.941438 0.00691332 63.8142 -0.00634957 -0.00961657 0.999934 0.707762
0.933129 0.359447 0.00822384 41.7439 -0.359526 0.933056 0.0121192 63.7036 -0.0033171 -0.0142654 0.999893 0.656101
0.925409 0.37895 0.00381152 42.1711 -0.378968 0.925336 0.0117126 63.5343 0.000911537 -0.0122834 0.999924 0.658511
0.917665 0.397347 -0.00241959 42.5807 -0.397306 0.917631 0.0100461 63.3505 0.00621207 -0.00825761 0.999947 0.661081
0.910127 0.414253 -0.00790595 42.994 -0.414194 0.910152 0.00816787 63.1685 0.0105792 -0.00415921 0.999935 0.647948
0.903006 0.429527 -0.00931592 43.4179 -0.429482 0.903052 0.00646655 62.9782 0.0111903 -0.00183832 0.999936 0.629032
0.896201 0.443567 -0.00849214 43.8456 -0.443544 0.896241 0.00445848 62.7771 0.00958864 -0.000229052 0.999954 0.623222
0.889847 0.45622 -0.00599404 44.2706 -0.456216 0.889867 0.00207376 62.5576 0.00627998 0.000889245 0.99998 0.6278
0.884165 0.467162 -0.00326865 44.7069 -0.467167 0.884169 -0.0006688 62.3305 0.0025776 0.00211833 0.999994 0.646213
0.87903 0.476763 -0.00160495 45.1632 -0.476766 0.879027 -0.00251552 62.0889 0.000211491 0.0029764 0.999996 0.685228
0.874532 0.484968 -0.000759982 45.6202 -0.484968 0.874527 -0.00301887 61.8483 -0.00079943 0.00300866 0.999995 0.706006
0.871032 0.491225 -0.00069219 46.0887 -0.491225 0.871028 -0.0027407 61.5942 -0.000743382 0.00272726 0.999996 0.708622
0.868403 0.495856 -0.00165644 46.5688 -0.495859 0.8684 -0.00224326 61.3318 0.000326119 0.00276942 0.999996 0.70879
0.865954 0.500114 -0.00307669 47.051 -0.500122 0.865952 -0.00247958 61.0489 0.00142419 0.00368592 0.999992 0.696359
0.863683 0.504017 -0.00435138 47.5492 -0.504032 0.863679 -0.00327045 60.7482 0.00210983 0.00501786 0.999985 0.685842
0.861852 0.507126 -0.00587026 48.0718 -0.507154 0.86184 -0.00520047 60.4343 0.00242193 0.00745916 0.999969 0.678712
0.86016 0.509975 -0.00702765 48.6088 -0.510017 0.860136 -0.0069433 60.1006 0.00250383 0.00955658 0.999951 0.671542
0.858771 0.512303 -0.0075675 49.1639 -0.512355 0.858729 -0.00873902 59.7589 0.0020214 0.0113821 0.999933 0.665821
0.857937 0.513697 -0.00767159 49.7462 -0.513752 0.85788 -0.010051 59.3976 0.00141811 0.0125645 0.99992 0.675248
0.857851 0.513839 -0.00785832 50.3437 -0.513898 0.857777 -0.011329 59.0313 0.000919398 0.013757 0.999905 0.683582
0.85877 0.512295 -0.00828167 50.955 -0.512361 0.858669 -0.0131397 58.648 0.000379814 0.0155272 0.999879 0.695246
0.860711 0.509004 -0.00955581 51.5885 -0.509093 0.860566 -0.0158467 58.2657 0.000157353 0.0185043 0.999829 0.699437
0.86297 0.50515 -0.0102827 52.2349 -0.505255 0.862794 -0.0174419 57.879 6.10997e-05 0.0202472 0.999795 0.695985
0.865453 0.500874 -0.0107785 52.8941 -0.50099 0.865245 -0.0189572 57.496 -0.000169113 0.0218065 0.999762 0.688221
0.867958 0.496516 -0.0109615 53.5693 -0.496636 0.86771 -0.0207941 57.1101 -0.000813171 0.0234923 0.999724 0.67669
0.870445 0.492164 -0.00997543 54.2626 -0.492262 0.870179 -0.0215941 56.7316 -0.00194741 0.023707 0.999717 0.667299
0.872584 0.48842 -0.00658741 54.955 -0.488451 0.872385 -0.0189566 56.3581 -0.00351204 0.0197589 0.999799 0.673959
0.874725 0.484601 -0.0043297 55.6566 -0.484596 0.874557 -0.0178214 55.988 -0.0048497 0.017687 0.999832 0.689944
0.876588 0.48123 -0.00335828 56.3654 -0.481221 0.876467 -0.0152247 55.6042 -0.00438314 0.0149618 0.999878 0.712885
0.878044 0.478555 -0.00481403 57.077 -0.478578 0.877973 -0.0112353 55.2185 -0.00115011 0.0121689 0.999925 0.740956
0.878932 0.476897 -0.00696937 57.7819 -0.476939 0.87891 -0.00679267 54.8272 0.00288606 0.00929426 0.999953 0.748788
0.879419 0.475983 -0.00788949 58.5048 -0.476009 0.879439 -0.00166314 54.4206 0.00614669 0.00521806 0.999968 0.74015
0.879644 0.475562 -0.008242 59.2353 -0.475571 0.879677 0.000987289 54.0034 0.00771981 0.00305119 0.999966 0.738917
0.879778 0.475318 -0.00798246 59.9694 -0.475324 0.87981 0.00127388 53.5897 0.00762855 0.00267352 0.999967 0.746909
0.879914 0.475094 -0.00610238 60.7052 -0.475091 0.879934 0.00212539 53.184 0.00637945 0.00102902 0.999979 0.760296
0.879989 0.474978 -0.00382833 61.4505 -0.474969 0.879997 0.00321974 52.7792 0.00489822 -0.001015 0.999987 0.784663
0.879956 0.475053 -0.00164803 62.1878 -0.475041 0.879951 0.00474998 52.3991 0.00370667 -0.00339689 0.999987 0.806172
0.879794 0.475355 0.000395292 62.9106 -0.475344 0.879768 0.00751232 52.017 0.00322325 -0.00679719 0.999972 0.830589
0.879283 0.476297 0.00191042 63.6313 -0.47629 0.87923 0.0101447 51.644 0.00315216 -0.00982994 0.999947 0.846328
0.878167 0.478347 0.00278315 64.3559 -0.478345 0.878098 0.0113727 51.2621 0.00299621 -0.0113184 0.999931 0.858725
0.876344 0.481666 0.00422517 65.0749 -0.481679 0.876256 0.0127109 50.8683 0.0024201 -0.0131743 0.99991 0.864708
0.87387 0.486114 0.0065766 65.7891 -0.486158 0.873764 0.0136616 50.4637 0.00089472 -0.0151358 0.999885 0.862336
0.870652 0.491831 0.00819085 66.514 -0.4919 0.870533 0.0143893 50.0509 -5.3295e-05 -0.0165572 0.999863 0.867072
0.866328 0.499408 0.00823583 67.2593 -0.499476 0.866201 0.0147992 49.617 0.000256936 -0.0169345 0.999857 0.886045
0.861487 0.507728 0.00725782 67.9909 -0.507779 0.861371 0.0141251 49.1804 0.000920022 -0.0158539 0.999874 0.903798
0.856263 0.516493 0.00693551 68.7093 -0.516538 0.856151 0.0139456 48.7581 0.00126497 -0.0155236 0.999879 0.912613
0.850682 0.525623 0.0077165 69.4123 -0.525678 0.850555 0.0147532 48.3433 0.00119133 -0.0166067 0.999861 0.922615
0.844653 0.535249 0.0083941 70.0994 -0.535315 0.844531 0.0143606 47.9236 0.000597444 -0.0166232 0.999862 0.933701
0.838405 0.544985 0.00826912 70.7733 -0.545048 0.8383 0.0132746 47.5004 0.00030246 -0.0156366 0.999878 0.946871
0.831973 0.554758 0.00803917 71.4309 -0.554816 0.831878 0.0125684 47.0697 0.000284817 -0.0149169 0.999889 0.957584
0.82551 0.564329 0.00814168 72.0738 -0.564388 0.82541 0.0128038 46.6306 0.000505339 -0.0151647 0.999885 0.97288
0.819172 0.5735 0.00744803 72.7111 -0.573547 0.819071 0.0129245 46.1932 0.00131174 -0.0148592 0.999889 0.984703
0.813163 0.582 0.00651675 73.3302 -0.582033 0.813065 0.0127588 45.7589 0.00212708 -0.014168 0.999897 0.992425
0.807434 0.589933 0.00542686 73.9303 -0.589949 0.80734 0.0127043 45.3258 0.00311336 -0.0134595 0.999905 1.00202
0.801975 0.597337 0.00499278 74.5172 -0.597347 0.801882 0.0127167 44.8861 0.00359251 -0.0131809 0.999907 1.01186
0.796593 0.604489 0.00566973 75.0988 -0.604505 0.796491 0.0132479 44.4379 0.00349231 -0.0139806 0.999896 1.02402
0.791368 0.611315 0.00551375 75.6842 -0.611333 0.791285 0.0118525 43.9911 0.00288269 -0.0127505 0.999915 1.03952
0.786545 0.617506 0.00575748 76.2759 -0.617532 0.786489 0.00943997 43.5426 0.00130104 -0.0109804 0.999939 1.05853
0.782535 0.622567 0.00702271 76.8587 -0.622606 0.7825 0.00742465 43.097 -0.000872934 -0.0101824 0.999948 1.07293
0.779712 0.626093 0.00758593 77.4311 -0.626132 0.779703 0.00466125 42.6541 -0.0029964 -0.00838422 0.99996 1.08246
0.777851 0.628392 0.00847618 77.988 -0.628431 0.77786 0.00288751 42.2151 -0.00477879 -0.00757275 0.99996 1.08482
0.777175 0.629228 0.00841017 78.5244 -0.629261 0.777192 0.00177883 41.7883 -0.00541703 -0.00667465 0.999963 1.08234
0.777839 0.62842 0.00736723 79.0504 -0.628445 0.777853 0.00143011 41.368 -0.00483191 -0.00574229 0.999972 1.08644
0.77953 0.626341 0.00545406 79.5658 -0.626355 0.779537 0.00112738 40.9521 -0.00354552 -0.004295 0.999985 1.10011
0.782206 0.623006 0.00414019 80.0693 -0.623016 0.782207 0.0018213 40.5526 -0.0021038 -0.00400403 0.99999 1.10755
0.786431 0.617672 0.00256822 80.5619 -0.617677 0.786428 0.00242611 40.173 -0.000521182 -0.0034943 0.999994 1.11486
0.791921 0.610619 0.00223589 81.0483 -0.610623 0.791914 0.00350688 39.8045 0.000370736 -0.00414246 0.999991 1.12672
0.799272 0.600964 0.00249791 81.5342 -0.600969 0.79926 0.00430863 39.4577 0.000592854 -0.00494493 0.999988 1.13316
0.808554 0.588416 0.00273269 82.0151 -0.588421 0.808537 0.00532015 39.13 0.000920976 -0.0059096 0.999982 1.14073
0.819246 0.573439 0.00173224 82.4917 -0.573437 0.819223 0.00654838 38.8143 0.00233601 -0.00635807 0.999977 1.15113
0.831308 0.555813 -0.000373115 82.9576 -0.555792 0.831282 0.00805015 38.5173 0.00478454 -0.00648478 0.999968 1.16589
0.846898 0.531748 -0.0028271 83.4203 -0.531702 0.846876 0.00968176 38.2647 0.00754246 -0.00669629 0.999949 1.17296
0.863548 0.504253 -0.0037837 83.8856 -0.504197 0.863529 0.0101762 38.0148 0.00839872 -0.00687992 0.999941 1.1775
0.880602 0.473841 -0.00384392 84.3706 -0.473789 0.880585 0.00974429 37.7781 0.00800214 -0.00675964 0.999945 1.17453
0.899685 0.436536 -0.00177852 84.8713 -0.436511 0.899666 0.00774458 37.566 0.00498086 -0.00619134 0.999968 1.16994
0.918408 0.395628 0.00241555 85.3672 -0.395635 0.918382 0.00688735 37.3675 0.000506426 -0.00728107 0.999973 1.17668
0.935958 0.352051 0.00650022 85.8684 -0.352092 0.935939 0.00700001 37.2059 -0.00361945 -0.00884039 0.999954 1.18436
0.953025 0.302709 0.0105145 86.378 -0.302813 0.952994 0.0103055 37.1037 -0.00690066 -0.0130053 0.999892 1.18942
0.968101 0.250234 0.0127442 86.882 -0.250398 0.96805 0.0134216 37.0322 -0.00897848 -0.0161846 0.999829 1.19049
0.980841 0.19435 0.0133541 87.3826 -0.194534 0.980792 0.014257 36.9938 -0.0103268 -0.0165817 0.999809 1.20238
0.99095 0.133774 0.0111126 87.8838 -0.133917 0.990904 0.0132595 36.9992 -0.00923773 -0.0146277 0.99985 1.22292
0.997638 0.0683732 0.00654394 88.373 -0.0684414 0.997596 0.010834 37.0372 -0.00578746 -0.0112563 0.99992 1.24467
0.999999 -0.00119131 0.000381382 88.8401 0.00118815 0.999966 0.00817287 37.1097 -0.000391106 -0.00817242 0.999967 1.25037
0.997434 -0.0714329 -0.00486649 89.3058 0.0714694 0.997412 0.00779268 37.1806 0.00429724 -0.00812048 0.999958 1.2356
0.989888 -0.141573 -0.00889273 89.7651 0.141641 0.98989 0.00748599 37.2687 0.00774301 -0.00866986 0.999932 1.22025
0.977437 -0.210976 -0.0103217 90.224 0.211047 0.977456 0.00626767 37.3744 0.00876671 -0.00830462 0.999927 1.20341
0.960165 -0.279292 -0.00887006 90.6738 0.279343 0.960177 0.00519567 37.508 0.00706572 -0.0074665 0.999947 1.20897
0.938193 -0.34607 -0.00547329 91.1082 0.346095 0.938188 0.00467615 37.6672 0.0035167 -0.00628141 0.999974 1.22568
0.912048 -0.410083 -0.000176041 91.5361 0.410075 0.912029 0.00642972 37.8592 -0.00247616 -0.00593641 0.999979 1.23909
0.882551 -0.470178 0.00602744 91.9527 0.470108 0.88255 0.0101567 38.0798 -0.010095 -0.00613024 0.99993 1.23244
0.852216 -0.523073 0.011032 92.3724 0.522911 0.852261 0.0146648 38.3293 -0.0170729 -0.0067288 0.999832 1.22459
0.820793 -0.571036 0.0147446 92.7742 0.570753 0.82089 0.019501 38.6007 -0.0232394 -0.00759078 0.999701 1.22632
0.789572 -0.613456 0.0157433 93.1583 0.613018 0.78966 0.0254047 38.8836 -0.0280165 -0.010408 0.999553 1.22956
0.76245 -0.646943 0.011573 93.5272 0.646433 0.762384 0.0299113 39.1866 -0.028174 -0.0153247 0.999486 1.22769
0.736375 -0.676534 0.00731093 93.8902 0.676009 0.736158 0.0329206 39.4844 -0.0276539 -0.0192996 0.999431 1.20806
0.713264 -0.700877 0.0051106 94.2544 0.700411 0.713022 0.0319971 39.7872 -0.02607 -0.0192428 0.999475 1.18166
0.692642 -0.721254 0.00624292 94.6235 0.720871 0.692514 0.0277354 40.1147 -0.0243276 -0.0147104 0.999596 1.14864
0.675795 -0.737057 0.00693639 95.003 0.736741 0.675735 0.0243871 40.4497 -0.0226618 -0.0113703 0.999679 1.14623
0.663408 -0.748226 0.00695196 95.3988 0.747926 0.663362 0.0236221 40.7934 -0.0222863 -0.0104715 0.999697 1.15706
0.655783 -0.754937 0.00431907 95.7977 0.754631 0.655662 0.0252919 41.1576 -0.0219256 -0.0133267 0.999671 1.14804
0.652112 -0.758121 -0.0012426 96.1716 0.757841 0.651825 0.0283011 41.5448 -0.0206457 -0.0193972 0.999599 1.16449
0.650518 -0.75946 -0.0068556 96.5353 0.759263 0.650075 0.0303757 41.9464 -0.0186125 -0.0249652 0.999515 1.16032
0.65154 -0.758568 -0.00838666 96.9079 0.758455 0.651137 0.0276848 42.3562 -0.0155399 -0.0243986 0.999582 1.14031
0.653831 -0.756586 -0.00908487 97.2762 0.756563 0.653545 0.0221647 42.7673 -0.0108322 -0.0213653 0.999713 1.1313
0.657165 -0.753676 -0.0103446 97.6444 0.753722 0.65697 0.0171149 43.1828 -0.00610305 -0.0190443 0.9998 1.11843
0.6611 -0.750181 -0.0132376 98.0128 0.750288 0.660897 0.0168385 43.6198 -0.00388323 -0.0210639 0.999771 1.11175
0.665666 -0.74607 -0.016366 98.3851 0.746239 0.665383 0.0198179 44.0676 -0.00389589 -0.0254051 0.99967 1.11792
0.670012 -0.742155 -0.0170471 98.7705 0.742325 0.66962 0.0237154 44.5274 -0.00618542 -0.028544 0.999573 1.12902
0.674256 -0.738336 -0.0154361 99.1804 0.738412 0.673713 0.02929 45.0007 -0.0112263 -0.0311472 0.999452 1.12237
0.677711 -0.735245 -0.011084 99.6031 0.735125 0.677091 0.0337455 45.4794 -0.0173063 -0.0310178 0.999369 1.09762
0.680437 -0.732787 -0.00540426 100.043 0.732476 0.679889 0.0350746 45.9553 -0.0220279 -0.0278245 0.99937 1.06419
0.682031 -0.731323 0.000837242 100.48 0.730947 0.681717 0.0312857 46.4516 -0.0234507 -0.0207258 0.99951 1.05253
0.682587 -0.73079 0.00465867 100.92 0.730501 0.682473 0.0244568 46.9535 -0.0210522 -0.0132907 0.99969 1.06187
0.682504 -0.730865 0.0049484 101.359 0.730727 0.682484 0.015949 47.4687 -0.0150338 -0.00726933 0.999861 1.08268
0.681268 -0.732031 0.00211087 101.798 0.731997 0.681259 0.00811137 47.993 -0.00737583 -0.00398086 0.999965 1.08962
0.679225 -0.733925 -0.00268855 102.247 0.733927 0.679209 0.00516079 48.5343 -0.00196154 -0.00547854 0.999983 1.0945
0.677159 -0.735792 -0.00810546 102.709 0.735835 0.677091 0.00972156 49.0773 -0.00166491 -0.0125473 0.99992 1.09065
0.675052 -0.737731 -0.00759287 103.225 0.737693 0.674798 0.0213617 49.6402 -0.0106355 -0.0200215 0.999743 1.07099
0.672993 -0.739615 -0.00705482 103.752 0.739412 0.672506 0.0317179 50.2035 -0.0187146 -0.0265624 0.999472 1.04201
0.671411 -0.741057 -0.00651924 104.297 0.740753 0.670821 0.0358349 50.7682 -0.0221825 -0.0288891 0.999336 1.03046
0.669436 -0.742826 -0.00807593 104.825 0.742555 0.668797 0.0363745 51.3386 -0.0216187 -0.0303472 0.999306 1.04148
0.666871 -0.745107 -0.00994337 105.336 0.744967 0.666313 0.0324153 51.9299 -0.0175274 -0.0290243 0.999425 1.04675
0.663401 -0.748153 -0.012941 105.859 0.748133 0.662861 0.030182 52.5278 -0.0140027 -0.0297043 0.999461 0.989261
0.659784 -0.751309 -0.0148388 106.392 0.751367 0.659275 0.0283621 53.1285 -0.0115259 -0.0298622 0.999488 0.942483
0.657093 -0.753651 -0.015434 106.936 0.753739 0.656616 0.0270572 53.7414 -0.0102575 -0.0294123 0.999515 0.925111
0.655388 -0.755143 -0.015013 107.489 0.755214 0.654905 0.0274139 54.3609 -0.0108693 -0.0293048 0.999511 0.922624
0.654415 -0.756026 -0.0128823 108.053 0.756031 0.653946 0.0277808 54.9804 -0.0125787 -0.0279196 0.999531 0.931349
0.65404 -0.756384 -0.0107651 108.616 0.756318 0.653575 0.0286862 55.6072 -0.014662 -0.0269038 0.99953 0.925325
0.654188 -0.75628 -0.00885528 109.168 0.756158 0.653741 0.0291119 56.2337 -0.0162277 -0.0257406 0.999537 0.919978
0.654855 -0.755701 -0.0089904 109.706 0.755567 0.65438 0.0300778 56.8683 -0.0168467 -0.0264895 0.999507 0.921021
0.65575 -0.754894 -0.0112662 110.233 0.7548 0.655198 0.0315077 57.5099 -0.0164034 -0.0291649 0.99944 0.92801
0.657063 -0.753664 -0.0160771 110.769 0.75368 0.656346 0.0343064 58.1564 -0.0153034 -0.0346584 0.999282 0.924034
0.658838 -0.751991 -0.0210191 111.312 0.752143 0.657914 0.0378024 58.8073 -0.0145983 -0.040715 0.999064 0.920906
0.66113 -0.749856 -0.0249564 111.875 0.750143 0.660037 0.0404531 59.4662 -0.0138618 -0.0454656 0.99887 0.917432
0.663276 -0.747889 -0.0269682 112.441 0.748264 0.662128 0.0410795 60.128 -0.0128665 -0.0474264 0.998792 0.915394
0.665136 -0.746256 -0.0263899 113.016 0.746623 0.664055 0.0398167 60.7825 -0.0121891 -0.0461868 0.998858 0.910292
0.666316 -0.745284 -0.0239592 113.601 0.745579 0.665391 0.0369701 61.4386 -0.011611 -0.0424972 0.999029 0.906015
0.667151 -0.74461 -0.0215727 114.189 0.744836 0.666352 0.0345531 62.1168 -0.0113536 -0.0391203 0.99917 0.907748
0.667888 -0.743969 -0.0208875 114.787 0.744166 0.667086 0.0348364 62.7891 -0.0119834 -0.0388105 0.999175 0.905856
0.668525 -0.743389 -0.0211482 115.392 0.743557 0.6676 0.0378459 63.4515 -0.0140157 -0.0410258 0.99906 0.878808
0.669212 -0.742779 -0.0208714 115.983 0.74287 0.668111 0.0420981 64.1175 -0.0173252 -0.0436772 0.998895 0.864613
0.670126 -0.741955 -0.0208308 116.546 0.742 0.668913 0.0446227 64.774 -0.019174 -0.0453593 0.998787 0.862185
0.671047 -0.741066 -0.0227281 117.081 0.741302 0.670097 0.0379669 65.3818 -0.012906 -0.042326 0.999021 0.879879
0.671514 -0.74058 -0.0246912 117.616 0.740978 0.670931 0.0283409 65.9895 -0.00442266 -0.037327 0.999293 0.895293
0.671243 -0.740783 -0.0259519 118.154 0.741237 0.670887 0.021883 66.6017 0.00120025 -0.0339253 0.999424 0.908174
0.670718 -0.741436 -0.0202608 118.741 0.741688 0.670226 0.026383 67.231 -0.00598196 -0.0327228 0.999447 0.870997
0.669539 -0.742701 -0.01065 119.328 0.742566 0.668938 0.0334343 67.8715 -0.0177075 -0.0302939 0.999384 0.826913
0.66828 -0.743903 -0.00325837 119.909 0.743357 0.667607 0.0414927 68.508 -0.0286912 -0.0301509 0.999133 0.793863
0.667091 -0.744974 -0.00212133 120.461 0.744197 0.666259 0.0476377 69.1425 -0.0340754 -0.0333573 0.998862 0.786954
0.666454 -0.745465 -0.0110294 121.013 0.745076 0.665434 0.0453794 69.7509 -0.0264895 -0.038461 0.998909 0.800673
0.66549 -0.746179 -0.0184515 121.555 0.746169 0.66445 0.0416914 70.3669 -0.0188491 -0.0415131 0.99896 0.801716
0.66341 -0.747914 -0.0226151 122.096 0.748151 0.662509 0.0367688 70.9876 -0.0125172 -0.0413123 0.999068 0.801091
0.660556 -0.750302 -0.0266825 122.636 0.750743 0.659776 0.0328622 71.6229 -0.00705209 -0.041739 0.999104 0.812737
0.657256 -0.75308 -0.0297393 123.165 0.753662 0.656586 0.0298203 72.2578 -0.00293073 -0.042013 0.999113 0.83774
0.653848 -0.755893 -0.0332966 123.693 0.756626 0.653191 0.0292925 72.8928 -0.000392954 -0.044346 0.999016 0.860647
0.650733 -0.758403 -0.0370362 124.217 0.759306 0.64996 0.0317059 73.5215 2.62383e-05 -0.048754 0.998811 0.887745
0.648285 -0.760403 -0.0389126 124.76 0.761397 0.647381 0.034236 74.1547 -0.000841922 -0.0518226 0.998656 0.911389
0.646871 -0.761656 -0.0379174 125.318 0.762592 0.645841 0.036642 74.793 -0.00342 -0.0526181 0.998609 0.916798
0.645814 -0.762647 -0.0359612 125.86 0.763468 0.644682 0.038754 75.4254 -0.00637212 -0.0524831 0.998601 0.920908
0.644871 -0.763543 -0.0338287 126.387 0.764242 0.643692 0.039935 76.0605 -0.00871681 -0.0516062 0.998629 0.921284
0.643185 -0.765091 -0.0308099 126.898 0.765648 0.642095 0.0386999 76.7097 -0.00982609 -0.0484807 0.998776 0.919504
0.64023 -0.76766 -0.028351 127.398 0.768123 0.639282 0.0361346 77.3515 -0.0096148 -0.0449116 0.998945 0.92351
0.636033 -0.771203 -0.0266102 127.896 0.771603 0.635176 0.0343662 77.9871 -0.00960116 -0.0423905 0.999055 0.910429
0.630657 -0.775675 -0.0244704 128.383 0.775988 0.629849 0.0336612 78.6187 -0.0106975 -0.0402175 0.999134 0.886822
0.625348 -0.780043 -0.0217289 128.879 0.780216 0.624495 0.0356242 79.2411 -0.0142188 -0.0392308 0.999129 0.870491
0.620653 -0.783834 -0.0198566 129.384 0.783843 0.619632 0.0405862 79.8577 -0.0195091 -0.0407544 0.998979 0.854679
0.61646 -0.787173 -0.0183458 129.89 0.787027 0.615307 0.0445697 80.482 -0.0237958 -0.041914 0.998838 0.8473
0.612642 -0.790142 -0.0185867 130.393 0.789964 0.61142 0.0460765 81.1036 -0.0250427 -0.0429113 0.998765 0.84348
0.60832 -0.793453 -0.0194865 130.889 0.793324 0.607107 0.045367 81.7238 -0.0241662 -0.0430568 0.99878 0.842485
0.603308 -0.797222 -0.0213745 131.38 0.797213 0.602139 0.0433597 82.3508 -0.0216969 -0.0431993 0.998831 0.843615
0.597494 -0.801474 -0.0252829 131.856 0.801641 0.596265 0.0429016 83.011 -0.0193093 -0.0459013 0.998759 0.836315
0.591072 -0.806043 -0.0304907 132.319 0.806436 0.58971 0.0436365 83.6901 -0.0171922 -0.0503811 0.998582 0.818263
0.584047 -0.81093 -0.0357918 132.782 0.811586 0.582584 0.0438503 84.3812 -0.0147077 -0.0546588 0.998397 0.800698
0.576757 -0.815998 -0.0387167 133.248 0.816831 0.575366 0.0417343 85.0801 -0.0117789 -0.0556955 0.998378 0.787128
0.569499 -0.820983 -0.0407246 133.717 0.821937 0.568188 0.0397765 85.7823 -0.00951665 -0.0561257 0.998378 0.772759
0.562463 -0.825764 -0.0418211 134.187 0.826776 0.561174 0.0390678 86.4973 -0.00879185 -0.0565508 0.998361 0.754157
0.555612 -0.830328 -0.043016 134.651 0.831385 0.554224 0.0404421 87.2199 -0.00973974 -0.058233 0.998255 0.746354
0.549049 -0.834678 -0.0431075 135.112 0.835698 0.547496 0.0430898 87.9424 -0.0123649 -0.0596833 0.998141 0.744061
0.542881 -0.838745 -0.0422662 135.577 0.839662 0.541155 0.0460382 88.6667 -0.0157418 -0.0604826 0.998045 0.743803
0.537902 -0.842023 -0.0407238 136.04 0.842802 0.536077 0.0480199 89.3786 -0.0186028 -0.0601521 0.998016 0.750932
0.533764 -0.844653 -0.0407072 136.495 0.845384 0.531818 0.0499621 90.0842 -0.0205519 -0.0610811 0.997921 0.770311
0.530823 -0.846274 -0.0452456 136.916 0.847272 0.528742 0.050614 90.7871 -0.0189101 -0.0652024 0.997693 0.763582
0.528187 -0.847674 -0.0496715 137.339 0.84897 0.526057 0.0501376 91.4898 -0.0163703 -0.0686517 0.997506 0.748429
0.526027 -0.848782 -0.0535133 137.759 0.850348 0.523854 0.049853 92.2058 -0.0142812 -0.071729 0.997322 0.740906
0.524088 -0.849845 -0.0556331 138.179 0.851546 0.521809 0.0508339 92.9327 -0.0141711 -0.0740156 0.997156 0.726766
0.522008 -0.851158 -0.0551161 138.607 0.852766 0.519502 0.0539263 93.6668 -0.0172669 -0.0751511 0.997023 0.714694
0.519352 -0.852936 -0.0526681 139.038 0.854303 0.516696 0.056489 94.385 -0.0209681 -0.0743322 0.997013 0.701569
0.515555 -0.855473 -0.0486642 139.463 0.856543 0.512999 0.0562715 95.0857 -0.0231741 -0.0706941 0.997229 0.684605
0.509412 -0.859302 -0.0458129 139.863 0.860235 0.507144 0.0529251 95.7534 -0.0222449 -0.0663706 0.997547 0.676684
0.50277 -0.863304 -0.043922 140.255 0.864173 0.500761 0.0494374 96.4351 -0.0206851 -0.0628118 0.997811 0.66738
0.495981 -0.867295 -0.0424476 140.657 0.868109 0.494149 0.0469334 97.1377 -0.0197297 -0.0601272 0.997996 0.661015
0.489172 -0.87122 -0.0410504 141.058 0.871959 0.487426 0.0458558 97.858 -0.0199415 -0.0582257 0.998104 0.644713
0.482942 -0.874794 -0.0387599 141.463 0.875389 0.481239 0.045853 98.5914 -0.0214591 -0.0560743 0.998196 0.621476
0.477489 -0.877958 -0.0345501 141.864 0.878316 0.47588 0.0458187 99.3319 -0.0237852 -0.0522238 0.998352 0.603026
0.472394 -0.880882 -0.0298545 142.261 0.881026 0.470959 0.0446176 100.074 -0.0252426 -0.0473797 0.998558 0.604148
0.46728 -0.883799 -0.0234054 142.664 0.883775 0.466212 0.0398469 100.815 -0.0243048 -0.0393048 0.998932 0.609719
0.461559 -0.886918 -0.0184367 143.069 0.886845 0.460815 0.0339855 101.555 -0.0216464 -0.0320368 0.999252 0.608942
0.455592 -0.890047 -0.0158741 143.472 0.889981 0.455029 0.0297003 102.31 -0.0192114 -0.0276589 0.999433 0.605872
0.449994 -0.89287 -0.0170128 143.853 0.892829 0.449404 0.0298833 103.077 -0.0190363 -0.0286368 0.999409 0.582906
0.445992 -0.894804 -0.0204333 144.25 0.894677 0.445049 0.0385323 103.885 -0.025385 -0.0354663 0.999048 0.549363
0.44269 -0.896471 -0.0191227 144.648 0.896135 0.441583 0.0441272 104.691 -0.0311144 -0.0366712 0.998843 0.526936
0.440092 -0.897801 -0.016519 145.04 0.897334 0.439032 0.0451892 105.47 -0.0333186 -0.0347105 0.998842 0.520457
0.438362 -0.898532 -0.0218743 145.383 0.898353 0.43725 0.0421259 106.211 -0.028287 -0.0381172 0.998873 0.518015
0.436325 -0.899312 -0.0293063 145.711 0.899525 0.435176 0.0384356 106.959 -0.0218122 -0.0431321 0.998831 0.503698
0.434341 -0.90022 -0.0308639 146.046 0.900592 0.433371 0.033534 107.719 -0.0168124 -0.0423609 0.998961 0.485236
0.433554 -0.900671 -0.0287027 146.411 0.90099 0.432711 0.0312647 108.486 -0.0157392 -0.0394158 0.999099 0.466102
0.433466 -0.900794 -0.0260257 146.773 0.900999 0.432639 0.0320112 109.258 -0.0175758 -0.0373249 0.999149 0.450927
0.432869 -0.901121 -0.0245906 147.131 0.901215 0.431961 0.0349319 110.038 -0.0208557 -0.0372824 0.999087 0.440269
0.431815 -0.901629 -0.0245182 147.486 0.901649 0.430789 0.0380836 110.809 -0.0237751 -0.0385519 0.998974 0.42551
0.430275 -0.902367 -0.0244193 147.853 0.90238 0.429249 0.0381612 111.551 -0.0239534 -0.0384553 0.998973 0.414989
0.428107 -0.90346 -0.0220244 148.223 0.903476 0.427285 0.0340239 112.3 -0.0213285 -0.0344644 0.999178 0.406131
0.426156 -0.904438 -0.0195685 148.595 0.904458 0.42552 0.0297933 113.052 -0.0186194 -0.0303955 0.999364 0.386924
0.424528 -0.905216 -0.0189528 148.954 0.905268 0.423991 0.0268476 113.825 -0.016267 -0.0285549 0.99946 0.382638
0.423095 -0.905908 -0.0179322 149.304 0.905953 0.422612 0.025461 114.615 -0.015487 -0.0270181 0.999515 0.387599
0.42222 -0.906364 -0.0153507 149.653 0.906373 0.421827 0.0234714 115.414 -0.0147983 -0.0238235 0.999607 0.420318
0.422066 -0.906421 -0.0161659 150.006 0.906465 0.421686 0.0224208 116.208 -0.0135057 -0.0241168 0.999618 0.457679
0.421767 -0.90652 -0.0182988 150.355 0.906619 0.421365 0.0222034 116.996 -0.0124173 -0.0259547 0.999586 0.484764
0.421458 -0.906601 -0.0211659 150.712 0.906768 0.420996 0.0231325 117.797 -0.0120611 -0.028942 0.999508 0.486367
0.421276 -0.906564 -0.0258628 151.068 0.906842 0.420659 0.0261512 118.589 -0.0128283 -0.0344704 0.999323 0.463123
0.421111 -0.90653 -0.02949 151.416 0.906887 0.420297 0.0301193 119.36 -0.0149095 -0.0394277 0.999111 0.419992
0.420675 -0.906657 -0.0317191 151.764 0.907056 0.419699 0.0331998 120.117 -0.0167883 -0.0427373 0.998945 0.398323
0.420182 -0.90686 -0.0324505 152.105 0.907277 0.419159 0.0339882 120.88 -0.0172206 -0.0437228 0.998895 0.41355
0.419449 -0.907075 -0.0357352 152.441 0.907634 0.418355 0.0343345 121.613 -0.0161939 -0.0468361 0.998771 0.448471
0.418022 -0.907592 -0.0391687 152.771 0.908324 0.4169 0.033806 122.345 -0.0143526 -0.0497095 0.998661 0.479232
0.416441 -0.9082 -0.0418425 153.094 0.909042 0.415195 0.0354385 123.09 -0.0148124 -0.0527947 0.998496 0.460692
0.415146 -0.908863 -0.0402674 153.423 0.90956 0.413735 0.0390376 123.837 -0.0188198 -0.052832 0.998426 0.399154
0.414138 -0.909572 -0.0341778 153.768 0.909906 0.412728 0.0415544 124.562 -0.0236906 -0.0483078 0.998551 0.36825
0.413349 -0.910122 -0.0286374 154.11 0.910183 0.412047 0.042242 125.261 -0.0266454 -0.0435259 0.998697 0.374041
0.413118 -0.9103 -0.0262215 154.427 0.910271 0.411902 0.0417549 125.937 -0.0272088 -0.0411183 0.998784 0.404195
0.41352 -0.910078 -0.0275513 154.723 0.910154 0.412347 0.0398736 126.598 -0.0249274 -0.0415644 0.998825 0.444637
0.414305 -0.90968 -0.0288664 155.015 0.909902 0.413268 0.0358819 127.25 -0.0207115 -0.0411317 0.998939 0.466193
0.415849 -0.90894 -0.0299575 155.295 0.909303 0.415004 0.0306533 127.894 -0.0154296 -0.0399876 0.999081 0.472802
0.418984 -0.907489 -0.0302533 155.568 0.907937 0.418355 0.0250698 128.529 -0.0100939 -0.0379719 0.999228 0.465564
0.423558 -0.905367 -0.0301655 155.844 0.905848 0.423088 0.0208805 129.163 -0.00614186 -0.0361694 0.999327 0.437733
0.430538 -0.902108 -0.0289416 156.129 0.902525 0.429963 0.0240973 129.791 -0.00929454 -0.0364953 0.999291 0.387833
0.437364 -0.898847 -0.0280386 156.407 0.899158 0.436566 0.03041 130.41 -0.0150933 -0.0385114 0.999144 0.346155
0.443135 -0.896061 -0.0265736 156.696 0.896231 0.442165 0.035506 130.994 -0.0200656 -0.03955 0.999016 0.348812
0.448783 -0.893231 -0.0270672 156.976 0.893411 0.447775 0.036251 131.559 -0.0202604 -0.040451 0.998976 0.401372
0.454852 -0.89005 -0.0303421 157.255 0.890403 0.453851 0.0346626 132.119 -0.0170806 -0.042783 0.998938 0.444887
0.461302 -0.88659 -0.0340422 157.534 0.887156 0.460382 0.0316538 132.689 -0.0123915 -0.0448027 0.998919 0.461317
0.467854 -0.883026 -0.037127 157.816 0.883772 0.467054 0.0284099 133.272 -0.00774633 -0.0461035 0.998907 0.454618
0.474077 -0.879656 -0.0381693 158.123 0.880475 0.473434 0.0250029 133.852 -0.00392328 -0.0454604 0.998958 0.433981
0.480034 -0.876509 -0.0360476 158.45 0.877246 0.479505 0.0226664 134.42 -0.00258232 -0.0425032 0.999093 0.408126
0.485146 -0.873913 -0.0301583 158.786 0.874425 0.484701 0.0211289 134.982 -0.00384709 -0.0366218 0.999322 0.392721
0.488891 -0.871968 -0.025631 159.117 0.872319 0.48844 0.0220385 135.546 -0.00669763 -0.0331328 0.999429 0.377683
0.49074 -0.871 -0.0230805 159.439 0.871254 0.49025 0.0238904 136.104 -0.00949331 -0.0318329 0.999448 0.374568
