0.498057 -0.866575 0.0313963 0.704795 0.866938 0.498401 0.00373787 0.544794 -0.0188871 0.025357 0.9995 0.775947
0.497183 -0.86709 0.0310597 0.756915 0.867438 0.497528 0.00405988 0.630098 -0.0189733 0.0249238 0.999509 0.773622
0.49488 -0.868484 0.0288057 0.855744 0.868757 0.49521 0.00527319 0.803743 -0.0188446 0.0224156 0.999571 0.768425
0.49013 -0.871285 0.0252045 0.97692 0.871428 0.490452 0.00833586 1.03604 -0.0196245 0.0178783 0.999648 0.764331
0.484091 -0.874651 0.0253359 1.11252 0.87475 0.484456 0.0107065 1.22271 -0.0216386 0.0169796 0.999622 0.762102
0.478329 -0.877707 0.0288515 1.28825 0.877846 0.478796 0.0118927 1.44276 -0.0242523 0.0196385 0.999513 0.76069
0.473311 -0.880392 0.0297816 1.45525 0.880549 0.473802 0.0120258 1.69043 -0.0246981 0.0205322 0.999484 0.754219
0.469465 -0.882471 0.0291184 1.61888 0.882631 0.469928 0.0114139 1.94508 -0.0237559 0.0203424 0.999511 0.747435
0.466174 -0.884221 0.0288898 1.82845 0.884391 0.46662 0.010913 2.28867 -0.0231301 0.0204625 0.999523 0.739956
0.463554 -0.885583 0.0293252 2.08565 0.885759 0.464013 0.0110556 2.72024 -0.023398 0.0208502 0.999509 0.731342
0.461668 -0.886528 0.0305254 2.38199 0.886726 0.462159 0.0112537 3.24398 -0.0240843 0.0218722 0.999471 0.719387
0.459947 -0.88741 0.0308459 2.71685 0.887622 0.46044 0.011028 3.86014 -0.023989 0.0223072 0.999463 0.706299
0.458395 -0.888239 0.0300919 3.08534 0.888456 0.45885 0.010117 4.57067 -0.022794 0.0220978 0.999496 0.692164
0.457137 -0.888985 0.0270459 3.48848 0.889156 0.457509 0.00935595 5.37507 -0.0206911 0.0197711 0.99959 0.674596
0.456337 -0.88951 0.0230062 3.91784 0.889595 0.45664 0.0100255 6.25714 -0.0194233 0.0158912 0.999685 0.661612
0.455332 -0.890013 0.0234479 4.34221 0.890082 0.455662 0.0112118 7.10453 -0.020663 0.0157655 0.999662 0.651524
0.454307 -0.89052 0.0240524 4.76399 0.890575 0.454669 0.0123535 7.94659 -0.0219369 0.0158081 0.999634 0.639036
0.453202 -0.891062 0.0248203 5.17104 0.89112 0.453587 0.0127775 8.75378 -0.0226437 0.0163271 0.99961 0.627696
0.451877 -0.891728 0.0250827 5.5684 0.89181 0.452253 0.0118894 9.55304 -0.0219459 0.0169965 0.999615 0.610253
0.450836 -0.892245 0.0254164 5.9817 0.892349 0.451207 0.0112053 10.3767 -0.021466 0.0176286 0.999614 0.597101
0.450123 -0.892592 0.025853 6.39807 0.892677 0.450525 0.0124211 11.2033 -0.0227344 0.0174874 0.999589 0.587914
0.449948 -0.892689 0.0255568 6.81363 0.892683 0.450402 0.0159619 12.0425 -0.0257598 0.0156321 0.999546 0.573172
0.450491 -0.892386 0.0265454 7.2325 0.892284 0.451033 0.0199634 12.8855 -0.0297879 0.0146927 0.999448 0.554183
0.45191 -0.891597 0.0288448 7.6611 0.891453 0.452561 0.022375 13.7268 -0.0330035 0.0156023 0.999333 0.530385
0.453413 -0.890737 0.0316735 8.08527 0.890647 0.454155 0.0221466 14.5751 -0.0341115 0.0181684 0.999253 0.509851
0.454768 -0.88999 0.0332279 8.50636 0.890011 0.455514 0.0196788 15.4526 -0.0326497 0.0206239 0.999254 0.464601
0.456399 -0.889198 0.0320407 8.92724 0.889325 0.457018 0.0153651 16.3251 -0.0283058 0.021482 0.999368 0.447746
0.458089 -0.888491 0.0271687 9.36385 0.888587 0.45853 0.0127972 17.1794 -0.0238278 0.0182795 0.999549 0.442188
0.45915 -0.888064 0.0228658 9.81229 0.888096 0.459488 0.0124799 18.0346 -0.0215896 0.0145769 0.999661 0.443907
0.459006 -0.888066 0.0255413 10.267 0.888102 0.45943 0.014089 18.9202 -0.0242464 0.0162164 0.999575 0.406865
0.457661 -0.888552 0.0319585 10.7144 0.888624 0.458315 0.0171738 19.8084 -0.0299069 0.0205393 0.999342 0.38016
0.456349 -0.88882 0.0417701 11.1653 0.889187 0.457275 0.0157071 20.6695 -0.0330612 0.0299735 0.999004 0.363067
0.45543 -0.889057 0.0464874 11.5949 0.88973 0.456353 0.0110708 21.5203 -0.0310573 0.0363192 0.998858 0.345751
0.454262 -0.889654 0.0464984 12.0448 0.890478 0.454988 0.00582934 22.3904 -0.0263423 0.0387577 0.998901 0.331422
0.452476 -0.890823 0.0412287 12.4971 0.891484 0.453027 0.00465678 23.2853 -0.0228261 0.0346476 0.999139 0.3262
0.451141 -0.891745 0.0355466 12.9581 0.89216 0.451655 0.00763275 24.1715 -0.0228613 0.0282698 0.999339 0.309638
0.450097 -0.892361 0.033241 13.4132 0.89261 0.45067 0.012014 25.0738 -0.0257016 0.0242638 0.999375 0.26843
0.448986 -0.892927 0.0330594 13.8491 0.893081 0.449633 0.0153918 25.9815 -0.0286083 0.0226141 0.999335 0.260147
0.447907 -0.893426 0.0341999 14.2945 0.893533 0.448644 0.0178501 26.8929 -0.0312913 0.0225635 0.999256 0.244553
0.447318 -0.893687 0.0350629 14.7519 0.893741 0.448133 0.0200835 27.7968 -0.0336612 0.0223535 0.999183 0.22055
0.446872 -0.89394 0.0343023 15.2014 0.893866 0.447729 0.0232976 28.7187 -0.0361848 0.0202506 0.99914 0.189637
0.446773 -0.893981 0.0345201 15.6485 0.893902 0.447643 0.023544 29.6307 -0.0365006 0.0203388 0.999127 0.161336
0.446947 -0.893881 0.0348496 16.107 0.893871 0.447792 0.02182 30.5235 -0.0351099 0.0213987 0.999154 0.142468
0.447171 -0.893827 0.0333394 16.5479 0.893842 0.44793 0.0201287 31.4032 -0.0329253 0.0207992 0.999241 0.120234
0.447257 -0.893843 0.0317193 16.9855 0.893873 0.447934 0.0186316 32.2862 -0.0308619 0.0200199 0.999323 0.099057
0.446264 -0.894357 0.0312174 17.4122 0.894348 0.446943 0.0195914 33.1788 -0.0314741 0.0191763 0.999321 0.0714011
0.445156 -0.894878 0.032092 17.8404 0.894859 0.44588 0.0204519 34.0731 -0.0326111 0.0196135 0.999276 0.0392444
0.444314 -0.895157 0.0357629 18.2655 0.895264 0.445129 0.0190591 34.945 -0.03298 0.023549 0.999179 0.0117138
0.443842 -0.895407 0.0353734 18.6895 0.895611 0.444562 0.0156519 35.8369 -0.0297405 0.0247338 0.999252 -0.0184615
0.443291 -0.895709 0.0346266 19.1126 0.895985 0.44391 0.0124788 36.7252 -0.0265485 0.0254932 0.999322 -0.0423541
0.443101 -0.895905 0.0318842 19.5424 0.896067 0.443689 0.0142834 37.5834 -0.0269433 0.0222414 0.999389 -0.0565269
0.44254 -0.896142 0.0329934 19.972 0.896232 0.443235 0.0176562 38.4377 -0.0304463 0.0217562 0.9993 -0.0715217
0.441962 -0.896317 0.0358647 20.4049 0.896408 0.442793 0.0196586 39.2963 -0.033501 0.023461 0.999163 -0.0999502
0.441588 -0.896353 0.0393779 20.8331 0.896594 0.442493 0.0178882 40.1574 -0.0334585 0.0274068 0.999064 -0.132557
0.441411 -0.89628 0.0428764 21.2566 0.896743 0.442322 0.0142842 41.0123 -0.0317678 0.0321438 0.998978 -0.138475
0.44137 -0.896164 0.0456386 21.6774 0.896795 0.442286 0.0118953 41.8844 -0.0308454 0.0356783 0.998887 -0.14619
0.441195 -0.89621 0.0464269 22.1037 0.896788 0.442225 0.0143994 42.7581 -0.033436 0.0352822 0.998818 -0.16169
0.440114 -0.896551 0.0499517 22.5281 0.897097 0.441432 0.0188499 43.6409 -0.0389502 0.0365154 0.998574 -0.181701
0.438693 -0.89701 0.0540519 22.9616 0.897624 0.44026 0.0210173 44.5196 -0.0426496 0.0392982 0.998317 -0.218629
0.437665 -0.897378 0.0562346 23.3723 0.89815 0.439259 0.0194355 45.3905 -0.0421425 0.0420009 0.998228 -0.256604
0.437069 -0.897882 0.0527087 23.7743 0.898704 0.438317 0.014453 46.2218 -0.0360802 0.0410526 0.998505 -0.277894
0.436577 -0.898413 0.0474793 24.172 0.899215 0.437422 0.00862011 47.0442 -0.0285129 0.0389308 0.998835 -0.280265
0.436373 -0.898918 0.0390649 24.5607 0.899402 0.437019 0.00946896 47.8648 -0.0255839 0.031003 0.999192 -0.276991
0.435738 -0.899343 0.0362557 24.9352 0.899652 0.436413 0.0130208 48.6679 -0.0275326 0.0269438 0.999258 -0.296042
0.434408 -0.899943 0.0373023 25.312 0.900222 0.435169 0.0151158 49.4781 -0.0298362 0.027014 0.99919 -0.309669
0.433056 -0.900542 0.0385507 25.6891 0.900802 0.433902 0.0168559 50.284 -0.0319067 0.0274271 0.999115 -0.325558
0.431193 -0.901434 0.0385958 26.0561 0.901686 0.43205 0.0171898 51.0519 -0.0321708 0.0273891 0.999107 -0.345196
0.429516 -0.902226 0.0387804 26.4197 0.902478 0.430384 0.0174015 51.8163 -0.0323905 0.0275243 0.999096 -0.3667
0.428351 -0.902814 0.0379871 26.7619 0.90302 0.429214 0.0181733 52.5552 -0.0327117 0.0265185 0.999113 -0.391603
0.42742 -0.903215 0.0389245 27.1185 0.903436 0.428323 0.0185083 53.2966 -0.0333892 0.027255 0.999071 -0.407258
0.426124 -0.903893 0.0373629 27.457 0.903991 0.427037 0.0209698 54.0396 -0.0349098 0.0248399 0.999082 -0.413739
0.424836 -0.904571 0.0355835 27.7914 0.904531 0.425749 0.0236908 54.7795 -0.0365796 0.0221217 0.999086 -0.420102
0.423574 -0.905239 0.0335658 28.1113 0.905028 0.424483 0.0271788 55.465 -0.0388515 0.0188657 0.999067 -0.426612
0.422278 -0.905941 0.0308435 28.4032 0.905642 0.4231 0.0282508 56.1306 -0.0386435 0.0160035 0.999125 -0.429592
0.421756 -0.906233 0.029381 28.7059 0.906087 0.422446 0.0233646 56.7632 -0.0335857 0.0167676 0.999295 -0.454761
0.420761 -0.906778 0.0267237 29.0007 0.906783 0.42126 0.0168633 57.4167 -0.0265489 0.0171371 0.999501 -0.472317
0.419891 -0.907244 0.0244859 29.3048 0.907307 0.420269 0.0129444 58.0498 -0.0220344 0.016781 0.999616 -0.497674
0.419553 -0.907502 0.0203816 29.5916 0.907436 0.419883 0.0160541 58.6724 -0.023127 0.0117595 0.999663 -0.501661
0.418136 -0.908152 0.0205227 29.8623 0.907985 0.418516 0.0202065 59.2875 -0.0269396 0.0101853 0.999585 -0.505046
0.417177 -0.908529 0.0232091 30.1314 0.908407 0.417624 0.0196719 59.8655 -0.0275652 0.0128766 0.999537 -0.507878
0.416953 -0.908602 0.0243591 30.3946 0.908619 0.41736 0.014892 60.4262 -0.0236975 0.0159239 0.999592 -0.504375
0.41807 -0.908013 0.0270159 30.6453 0.908239 0.418389 0.00723345 60.975 -0.0178712 0.0215128 0.999609 -0.508615
0.42013 -0.907052 0.0273304 30.8997 0.907337 0.420384 0.00407624 61.5384 -0.0151866 0.0230853 0.999618 -0.514304
0.423743 -0.905446 0.0246795 31.1228 0.905629 0.424015 0.00683467 62.0773 -0.0166529 0.0194543 0.999672 -0.514414
0.428775 -0.903086 0.0242311 31.3507 0.903182 0.429117 0.0110297 62.5752 -0.0203588 0.0171558 0.999646 -0.540621
0.433789 -0.900693 0.024086 31.5794 0.900689 0.434196 0.0152661 63.068 -0.0242081 0.0150717 0.999593 -0.566169
0.440457 -0.897305 0.0290145 31.8397 0.897306 0.441041 0.0180275 63.5333 -0.0289727 0.0180945 0.999416 -0.539597
0.449212 -0.892829 0.0326241 32.0652 0.892859 0.449928 0.0191645 63.9796 -0.0317891 0.0205198 0.999284 -0.505812
0.461599 -0.886563 0.0305354 32.2937 0.886523 0.46226 0.0197984 64.4289 -0.0316678 0.0179314 0.999338 -0.492698
0.477131 -0.878436 0.0263845 32.5122 0.878271 0.477684 0.021418 64.8661 -0.0314178 0.0129536 0.999422 -0.520775
0.496154 -0.867855 0.0256664 32.7835 0.867629 0.496695 0.0226682 65.2822 -0.0324211 0.0110221 0.999413 -0.55778
0.516951 -0.855544 0.0283846 33.0487 0.855342 0.517575 0.0225009 65.6682 -0.0339417 0.0126467 0.999344 -0.572745
0.540333 -0.840874 0.0311626 33.3257 0.840668 0.541057 0.0231116 66.0266 -0.0362947 0.0137095 0.999247 -0.580128
0.567082 -0.823051 0.0316995 33.6343 0.822759 0.567842 0.0249667 66.3641 -0.0385492 0.0119229 0.999186 -0.56438
0.59593 -0.802397 0.0320334 33.9448 0.802021 0.596708 0.0264844 66.6822 -0.0403656 0.0099086 0.999136 -0.556624
0.628359 -0.777266 0.0319883 34.2181 0.776831 0.629124 0.0271269 66.9671 -0.0412094 0.00780412 0.99912 -0.562965
0.663363 -0.747587 0.0326086 34.5036 0.747111 0.664135 0.0273831 67.2507 -0.0421278 0.00619728 0.999093 -0.581415
0.700412 -0.713037 0.0316464 34.7738 0.712553 0.701115 0.0265533 67.5253 -0.0411212 0.00395145 0.999146 -0.610776
0.738681 -0.673412 0.0294549 35.0552 0.672946 0.739267 0.0250807 67.8119 -0.0386646 0.00129494 0.999251 -0.621789
0.776981 -0.62891 0.0278067 35.3532 0.628455 0.777477 0.0239628 68.0545 -0.0366895 -0.00114337 0.999326 -0.634351
0.814265 -0.579836 0.0276346 35.6691 0.579352 0.814726 0.0239243 68.2771 -0.0363868 -0.00347053 0.999332 -0.650467
0.849789 -0.526428 0.0270655 36.0081 0.525938 0.850201 0.0234048 68.4664 -0.035332 -0.00565437 0.99936 -0.672381
0.882397 -0.469741 0.0268076 36.3432 0.469252 0.882773 0.0226775 68.6246 -0.0343176 -0.00743104 0.999383 -0.681318
0.911433 -0.410586 0.0266336 36.6709 0.410094 0.911775 0.022096 68.7621 -0.0333562 -0.0092167 0.999401 -0.689528
0.93625 -0.350169 0.0286115 37.0138 0.349635 0.936626 0.0220688 68.8843 -0.0345261 -0.0106583 0.999347 -0.69097
0.956762 -0.289236 0.0307999 37.3766 0.2886 0.957161 0.0235104 68.9745 -0.0362805 -0.013605 0.999249 -0.681756
0.972986 -0.228613 0.0321425 37.7438 0.227903 0.973381 0.0242998 69.0618 -0.0368422 -0.016318 0.999188 -0.696073
0.985164 -0.168623 0.0318987 38.1323 0.167955 0.985535 0.0226141 69.1211 -0.0352506 -0.016921 0.999235 -0.719204
0.993393 -0.110144 0.0322376 38.5156 0.109551 0.993787 0.0196444 69.1086 -0.034201 -0.0159829 0.999287 -0.733415
0.998026 -0.0541266 0.0318496 38.8891 0.053558 0.998394 0.0184414 69.1121 -0.0327967 -0.0166992 0.999322 -0.721665
0.999497 0.000682638 0.0317016 39.2608 -0.00134444 0.999781 0.0208593 69.0918 -0.0316805 -0.0208914 0.99928 -0.709124
0.998126 0.0527542 0.0310203 39.6274 -0.0534854 0.998298 0.0232344 69.0711 -0.0297418 -0.0248499 0.999249 -0.729553
0.994304 0.102302 0.0298989 39.9729 -0.102954 0.994462 0.0211326 69.0338 -0.0275714 -0.0240904 0.999329 -0.778568
0.988477 0.1486 0.0288319 40.3184 -0.149018 0.98875 0.0129048 68.9747 -0.0265899 -0.0170526 0.999501 -0.806952
0.981148 0.190915 0.0299899 40.6942 -0.191095 0.981566 0.00323713 68.925 -0.0288191 -0.00890703 0.999545 -0.790499
0.973312 0.227392 0.030931 41.0678 -0.227529 0.973771 0.000924604 68.894 -0.0299094 -0.00793762 0.999521 -0.766928
0.965605 0.258287 0.0299021 41.4654 -0.258604 0.965957 0.00719242 68.8314 -0.0270264 -0.0146778 0.999527 -0.754334
0.958272 0.284472 0.0281213 41.8524 -0.285028 0.958346 0.0182138 68.7405 -0.0217686 -0.0254691 0.999439 -0.758702
0.950925 0.308299 0.0263478 42.2367 -0.308901 0.950816 0.0229963 68.6009 -0.0179622 -0.0300067 0.999388 -0.766374
0.943495 0.330593 0.0229157 42.6271 -0.331028 0.943433 0.0188232 68.4375 -0.0153966 -0.0253453 0.99956 -0.770593
0.936282 0.350853 0.0166942 43.0284 -0.351078 0.936253 0.0132113 68.2685 -0.0109947 -0.0182305 0.999773 -0.785613
0.929647 0.368338 0.00916197 43.4378 -0.368421 0.929604 0.0101381 68.0954 -0.00478277 -0.0128003 0.999907 -0.774034
0.922963 0.384852 0.00539983 43.85 -0.384889 0.922884 0.0120517 67.9341 -0.000345284 -0.0132016 0.999913 -0.75993
0.916758 0.399352 0.00852613 44.2873 -0.399438 0.916641 0.0147803 67.7681 -0.00191286 -0.0169556 0.999854 -0.774373
0.910684 0.412847 0.0145949 44.7345 -0.41305 0.91057 0.0159055 67.5735 -0.00672312 -0.0205133 0.999767 -0.796814
0.905175 0.424616 0.0189569 45.1863 -0.424912 0.905093 0.0160028 67.3678 -0.0103627 -0.0225404 0.999692 -0.801662
0.900273 0.434887 0.0195559 45.6501 -0.435176 0.900234 0.0141536 67.1502 -0.0114497 -0.0212523 0.999709 -0.793704
0.895908 0.44388 0.0178954 46.1163 -0.444121 0.895874 0.0129017 66.9275 -0.0103052 -0.0195064 0.999757 -0.787323
0.892029 0.451701 0.0158128 46.5881 -0.451885 0.892008 0.011029 66.6814 -0.00912338 -0.0169838 0.999814 -0.798077
0.889135 0.457426 0.0141408 47.0868 -0.45757 0.889123 0.0094433 66.443 -0.00825327 -0.0148668 0.999855 -0.80128
0.886274 0.462991 0.0125733 47.5827 -0.463102 0.886269 0.00800243 66.1969 -0.00743827 -0.0129151 0.999889 -0.806077
0.883694 0.467899 0.0124236 48.0996 -0.468007 0.883689 0.00785917 65.9229 -0.00730129 -0.0127594 0.999892 -0.820891
0.881217 0.472553 0.0122836 48.6182 -0.472657 0.881213 0.0076575 65.6402 -0.00720593 -0.0125539 0.999895 -0.834044
0.879632 0.47547 0.0133092 49.1881 -0.475599 0.879615 0.00913327 65.3315 -0.00736441 -0.0143638 0.99987 -0.837508
0.87857 0.477403 0.0142128 49.7544 -0.477555 0.87854 0.0104397 65.0183 -0.00750252 -0.0159594 0.999844 -0.837871
0.877789 0.478802 0.0153334 50.3444 -0.47899 0.87773 0.0126054 64.6895 -0.00742311 -0.0184095 0.999803 -0.833632
0.877462 0.47945 0.0137293 50.9104 -0.479587 0.877444 0.00942834 64.3638 -0.00752626 -0.0148574 0.999861 -0.831021
0.877805 0.478863 0.0121704 51.5095 -0.478957 0.877815 0.00636494 64.0146 -0.00763543 -0.0114163 0.999906 -0.838984
0.879142 0.47644 0.0107171 52.1058 -0.476501 0.879165 0.00400844 63.6771 -0.00751231 -0.0086307 0.999934 -0.840238
0.880605 0.473756 0.0094781 52.7134 -0.473792 0.880635 0.00177986 63.3407 -0.00750353 -0.006058 0.999953 -0.842506
0.882971 0.469331 0.00953907 53.3779 -0.469356 0.883009 0.000479195 62.997 -0.00819818 -0.00490034 0.999954 -0.84726
0.885498 0.464526 0.0104393 54.0631 -0.464552 0.885546 4.03422e-05 62.6421 -0.00922577 -0.00488533 0.999946 -0.868366
0.887499 0.460692 0.0104492 54.7748 -0.460695 0.887556 -0.00220155 62.2678 -0.0102885 -0.00286004 0.999943 -0.878575
0.889334 0.457108 0.0117355 55.4798 -0.457103 0.889408 -0.00321128 61.9184 -0.0119055 -0.00250841 0.999926 -0.877867
0.891082 0.45363 0.0138703 56.2028 -0.453649 0.891178 -0.00190433 61.5763 -0.0132248 -0.00459535 0.999902 -0.870357
0.89289 0.450031 0.0148474 56.9229 -0.450073 0.892992 -0.000554906 61.2252 -0.0135084 -0.00618696 0.99989 -0.874083
0.89445 0.446965 0.0134349 57.6514 -0.447029 0.894517 0.00197741 60.8724 -0.0111339 -0.00777447 0.999908 -0.867283
0.895544 0.444807 0.0121635 58.3838 -0.444918 0.895529 0.00873386 60.5262 -0.00700787 -0.0132333 0.999888 -0.866356
0.89567 0.444599 0.0103223 59.1321 -0.444708 0.895572 0.0136115 60.1711 -0.0031927 -0.0167818 0.999854 -0.872911
0.895448 0.445044 0.0103912 59.8959 -0.445163 0.895282 0.0173497 59.8028 -0.00158165 -0.0201616 0.999795 -0.888985
0.895192 0.445507 0.0124441 60.6644 -0.44567 0.89501 0.0183214 59.4433 -0.00297529 -0.0219471 0.999755 -0.883258
0.895016 0.445804 0.0143424 61.3839 -0.446004 0.89487 0.0169842 59.0813 -0.005263 -0.0215979 0.999753 -0.886203
0.895147 0.445453 0.0168551 62.088 -0.44571 0.895012 0.0172154 58.7412 -0.00741683 -0.0229228 0.99971 -0.876416
0.895492 0.444754 0.0169735 62.8278 -0.445009 0.895372 0.0166043 58.3852 -0.00781281 -0.0224224 0.999718 -0.860604
0.895367 0.444995 0.0172424 63.5549 -0.445267 0.895215 0.0181046 58.0264 -0.00737924 -0.0238878 0.999687 -0.864675
0.894905 0.445935 0.016954 64.31 -0.446223 0.894664 0.0214817 57.6724 -0.00558869 -0.0267893 0.999625 -0.856736
0.893699 0.448383 0.0159316 65.0574 -0.448651 0.893392 0.0237223 57.3 -0.00359644 -0.0283484 0.999592 -0.855866
0.892156 0.451398 0.0172634 65.7803 -0.451709 0.891815 0.0249803 56.9296 -0.00411971 -0.0300844 0.999539 -0.874064
0.89028 0.454983 0.0198009 66.5251 -0.455365 0.889981 0.0240295 56.542 -0.00668942 -0.0304097 0.999515 -0.863726
0.8876 0.46 0.0237995 67.2502 -0.460514 0.887303 0.0249186 56.1833 -0.00965478 -0.0330777 0.999406 -0.855085
0.883838 0.467098 0.0254958 67.958 -0.467659 0.883576 0.024268 55.8233 -0.0111919 -0.0333724 0.99938 -0.834415
0.879472 0.475295 0.024969 68.6681 -0.475838 0.879195 0.0243649 55.447 -0.0103722 -0.0333094 0.999391 -0.842232
0.874276 0.484816 0.0243994 69.3652 -0.485343 0.873964 0.0250607 55.0559 -0.00917435 -0.0337521 0.999388 -0.837008
0.869041 0.494072 0.0256853 70.0774 -0.494652 0.868692 0.0263511 54.6717 -0.00929325 -0.0356054 0.999323 -0.845155
0.863743 0.503184 0.0274513 70.7865 -0.50384 0.863344 0.0279599 54.2929 -0.00963098 -0.0379812 0.999232 -0.844067
0.858227 0.512429 0.0293741 71.4696 -0.51317 0.857786 0.0293412 53.8874 -0.0101614 -0.0402553 0.999138 -0.837132
0.852383 0.522109 0.0290722 72.1508 -0.522826 0.851957 0.0286861 53.4573 -0.00979095 -0.0396512 0.999166 -0.832671
0.846689 0.531391 0.0272416 72.8314 -0.532016 0.846309 0.0268219 53.0318 -0.00880187 -0.0372028 0.999269 -0.824747
0.840842 0.540566 0.0278079 73.4936 -0.541226 0.840378 0.0289566 52.6316 -0.00771617 -0.0393982 0.999194 -0.823196
0.834932 0.549564 0.0294628 74.156 -0.550322 0.834256 0.0340755 52.2278 -0.00585284 -0.0446647 0.998985 -0.833463
0.829416 0.557832 0.0298767 74.8055 -0.55862 0.828561 0.0378194 51.7847 -0.00365782 -0.0480577 0.998838 -0.847068
0.824552 0.565037 0.0290993 75.4309 -0.565783 0.823641 0.0388083 51.3602 -0.00203926 -0.0484633 0.998823 -0.830664
0.819528 0.572362 0.02785 76.0301 -0.573037 0.8187 0.0368587 50.9343 -0.00170431 -0.0461658 0.998932 -0.836951
0.814331 0.579765 0.027162 76.6282 -0.580397 0.813615 0.0342085 50.5001 -0.00226653 -0.0436217 0.999046 -0.845755
0.809403 0.586652 0.0265752 77.2184 -0.587246 0.808796 0.0314765 50.063 -0.00302817 -0.0410834 0.999151 -0.853357
0.805623 0.591853 0.0261088 77.8134 -0.592411 0.805153 0.0278872 49.6298 -0.00451641 -0.0379337 0.99927 -0.837605
0.803616 0.594561 0.0264303 78.4043 -0.595112 0.803267 0.0245872 49.1954 -0.00661198 -0.0354876 0.999348 -0.806221
0.802325 0.596297 0.0265168 78.9721 -0.596825 0.802088 0.0213235 48.7704 -0.00855365 -0.0329343 0.999421 -0.771883
0.801339 0.597614 0.0267077 79.5227 -0.598128 0.80117 0.0192265 48.3567 -0.00990739 -0.0313816 0.999458 -0.748051
0.800783 0.598369 0.0264927 80.0635 -0.59888 0.800599 0.0196115 47.9497 -0.00947517 -0.0315705 0.999457 -0.731028
0.800938 0.598223 0.0250501 80.6002 -0.598692 0.80073 0.0199747 47.5429 -0.00810905 -0.0309957 0.999487 -0.737546
0.80234 0.596434 0.0227502 81.1391 -0.596834 0.802114 0.0200375 47.1531 -0.00629727 -0.029655 0.99954 -0.768116
0.804754 0.593277 0.0198224 81.6628 -0.593585 0.804569 0.0180308 46.777 -0.00525123 -0.0262766 0.999641 -0.778423
0.809542 0.586779 0.0182265 82.149 -0.587047 0.809357 0.0178166 46.4259 -0.00429731 -0.0251231 0.999675 -0.778041
0.815889 0.577881 0.0194505 82.6328 -0.578191 0.815661 0.0198106 46.0843 -0.00441691 -0.0274094 0.999615 -0.781572
0.823501 0.567001 0.0188465 83.1378 -0.567303 0.823244 0.0209026 45.7727 -0.00366349 -0.0279049 0.999604 -0.771184
0.832496 0.553772 0.0169266 83.6108 -0.554026 0.832226 0.0213463 45.4832 -0.00226574 -0.0271485 0.999629 -0.784298
0.84306 0.537646 0.0136637 84.0847 -0.537816 0.842864 0.0182822 45.228 -0.00168731 -0.0227616 0.999739 -0.798897
0.855146 0.518252 0.0118378 84.5484 -0.518387 0.854943 0.018614 44.9979 -0.00047394 -0.0220542 0.999757 -0.79476
0.868635 0.495314 0.011717 85.0097 -0.495452 0.868358 0.0219185 44.8098 0.000682036 -0.0248444 0.999691 -0.773283
0.8834 0.468452 0.0124894 85.4865 -0.468619 0.883084 0.023661 44.621 5.49026e-05 -0.0267549 0.999642 -0.786547
0.899681 0.436343 0.0133533 85.9579 -0.436544 0.899364 0.0239475 44.4255 -0.00156019 -0.0273744 0.999624 -0.801345
0.916539 0.399673 0.0147348 86.442 -0.399919 0.916278 0.0223397 44.2462 -0.00457262 -0.026368 0.999642 -0.807371
0.933468 0.358227 0.0176422 86.9425 -0.358545 0.933288 0.0204578 44.0819 -0.00913673 -0.0254222 0.999635 -0.808541
0.949382 0.313316 0.0225016 87.4335 -0.313784 0.949248 0.0216385 43.9432 -0.0145799 -0.0276039 0.999513 -0.797952
0.964151 0.264026 0.0265175 87.915 -0.26464 0.96407 0.0231213 43.8574 -0.0194601 -0.02931 0.999381 -0.77747
0.977073 0.211092 0.0277375 88.3928 -0.211742 0.977054 0.0230455 43.79 -0.0222364 -0.0283903 0.99935 -0.786694
0.988188 0.151259 0.0245989 88.8768 -0.151766 0.988209 0.0202434 43.771 -0.0212468 -0.0237376 0.999492 -0.787688
0.99604 0.0865298 0.0204298 89.3714 -0.0869187 0.996035 0.0189844 43.789 -0.018706 -0.0206849 0.999611 -0.785384
0.999699 0.018672 0.0158927 89.8692 -0.0189499 0.999667 0.0175139 43.8261 -0.0155604 -0.0178098 0.99972 -0.783572
0.998629 -0.0510373 0.0116409 90.3791 0.0508133 0.998531 0.0187918 43.8819 -0.0125829 -0.0181746 0.999756 -0.785437
0.992543 -0.121613 0.008277 90.8498 0.121428 0.992398 0.0200363 43.9907 -0.0106507 -0.0188818 0.999765 -0.796844
0.981563 -0.191022 0.00673709 91.2917 0.190853 0.98141 0.0202527 44.1189 -0.0104806 -0.0185935 0.999772 -0.809353
0.965783 -0.259282 0.00595796 91.7271 0.259123 0.965644 0.0196516 44.2746 -0.0108486 -0.0174354 0.999789 -0.820802
0.945641 -0.32508 0.00928284 92.1403 0.324851 0.945551 0.0200947 44.4441 -0.0153098 -0.0159868 0.999755 -0.827345
0.921658 -0.387748 0.0140743 92.5706 0.387434 0.921665 0.0207116 44.6228 -0.0210026 -0.0136362 0.999686 -0.830688
0.893846 -0.448006 0.0181728 92.9793 0.447625 0.893961 0.0215658 44.8436 -0.0259074 -0.0111419 0.999602 -0.823358
0.863157 -0.504458 0.0219796 93.3934 0.503997 0.863388 0.0234146 45.1072 -0.0307886 -0.00913281 0.999484 -0.824927
0.83162 -0.554754 0.0256145 93.7854 0.55415 0.831971 0.0272269 45.3832 -0.0364148 -0.00844819 0.999301 -0.802565
0.800988 -0.598058 0.0273007 94.1602 0.597307 0.801406 0.031182 45.6724 -0.0405276 -0.00866948 0.999141 -0.789601
0.773107 -0.633724 0.0264375 94.4989 0.632746 0.773465 0.0372066 45.959 -0.0440272 -0.0120365 0.998958 -0.786058
0.748341 -0.66286 0.0245281 94.8063 0.661749 0.748604 0.0409838 46.2492 -0.0455284 -0.0144384 0.998859 -0.821901
0.726108 -0.687256 0.0211513 95.1178 0.686176 0.726247 0.0415657 46.544 -0.0439274 -0.0156677 0.998912 -0.877246
0.708906 -0.70502 0.0199807 95.4327 0.704094 0.709064 0.0384714 46.8713 -0.0412907 -0.0132043 0.99906 -0.894961
0.696494 -0.717214 0.0223431 95.7692 0.71643 0.696807 0.034477 47.22 -0.0402962 -0.00800572 0.999156 -0.899135
0.688239 -0.72513 0.0226599 96.1212 0.724396 0.688581 0.033263 47.5897 -0.0397232 -0.00647814 0.99919 -0.894267
0.681696 -0.731358 0.0201633 96.464 0.73054 0.681924 0.035921 47.9828 -0.0400209 -0.00975711 0.999151 -0.883892
0.677708 -0.73518 0.0148807 96.797 0.734285 0.677685 0.0396091 48.3677 -0.0392043 -0.0159167 0.999104 -0.896056
0.6764 -0.736483 0.00864224 97.1304 0.735623 0.676101 0.0417872 48.7706 -0.0366186 -0.0219074 0.999089 -0.920973
0.677347 -0.735646 0.00504125 97.4668 0.734921 0.676955 0.0402858 49.1645 -0.0330488 -0.0235825 0.999175 -0.946178
0.679532 -0.733635 0.00390425 97.8361 0.733018 0.679161 0.0377473 49.5804 -0.0303444 -0.0227886 0.99928 -0.97717
0.683088 -0.730331 0.00273028 98.2233 0.729863 0.682775 0.0334406 50.0032 -0.0262869 -0.0208501 0.999437 -1.00429
0.68717 -0.726497 0.000331076 98.612 0.726149 0.686855 0.0306319 50.4323 -0.0224814 -0.0208089 0.999531 -1.01722
0.690953 -0.722888 -0.00408926 99.0191 0.722598 0.69049 0.0327928 50.8819 -0.0208819 -0.0256132 0.999454 -1.01212
0.69486 -0.719115 -0.00654374 99.4414 0.718778 0.694185 0.0382879 51.3439 -0.0229908 -0.0313082 0.999245 -1.03519
0.698704 -0.715395 -0.00480689 99.8854 0.714915 0.697953 0.0419295 51.7927 -0.0266412 -0.0327328 0.999109 -1.05306
0.701096 -0.713066 0.00104651 100.32 0.712391 0.700494 0.0425112 52.2317 -0.0310464 -0.0290589 0.999095 -1.05161
0.703678 -0.710491 0.00628435 100.769 0.709639 0.703219 0.0435315 52.6998 -0.035348 -0.0261725 0.999032 -1.05699
0.706083 -0.708028 0.0119699 101.22 0.707036 0.70583 0.043635 53.1618 -0.0393435 -0.0223467 0.998976 -1.06709
0.706196 -0.707771 0.0186415 101.685 0.706964 0.706337 0.0359135 53.6404 -0.0385857 -0.0121831 0.999181 -1.08607
0.705966 -0.707954 0.020332 102.152 0.707507 0.70625 0.0253971 54.1047 -0.0323395 -0.00354442 0.999471 -1.09011
0.705784 -0.708265 0.0151377 102.653 0.707996 0.705939 0.0197932 54.6035 -0.0247051 -0.00325227 0.999689 -1.09656
0.704455 -0.709717 0.00674138 103.141 0.709488 0.704422 0.020411 55.1093 -0.0192348 -0.00959566 0.999769 -1.12902
0.702231 -0.711948 0.00117525 103.641 0.711676 0.702006 0.0265719 55.6239 -0.0197428 -0.0178232 0.999646 -1.17029
0.700478 -0.713665 0.00336464 104.153 0.713212 0.700187 0.0326482 56.1499 -0.0256558 -0.0204697 0.999461 -1.19398
0.698049 -0.715982 0.00981807 104.661 0.715262 0.697859 0.0373172 56.6658 -0.0335701 -0.0190268 0.999255 -1.22487
0.696075 -0.717803 0.0154441 105.168 0.716986 0.696086 0.037342 57.1901 -0.0375546 -0.0149196 0.999183 -1.23996
0.694813 -0.719034 0.0150009 105.682 0.718375 0.694867 0.033112 57.7374 -0.0342322 -0.0122304 0.999339 -1.23941
0.692919 -0.720939 0.0105133 106.216 0.720488 0.692897 0.0281242 58.3181 -0.0275604 -0.0119131 0.999549 -1.24163
0.690537 -0.723265 0.00681672 106.747 0.722948 0.690465 0.0245669 58.9043 -0.0224751 -0.0120362 0.999675 -1.25625
0.687748 -0.725918 0.00674544 107.289 0.725609 0.68768 0.0242508 59.4923 -0.0222428 -0.0117839 0.999683 -1.27951
0.684749 -0.728738 0.00775559 107.842 0.728381 0.684688 0.0257474 60.0793 -0.0240733 -0.0119815 0.999638 -1.31565
0.681876 -0.731412 0.0090349 108.394 0.730992 0.681825 0.0276528 60.6637 -0.0263858 -0.0122513 0.999577 -1.35268
0.680489 -0.732689 0.0100293 108.98 0.732201 0.680442 0.0296693 61.2434 -0.0285627 -0.0128462 0.999509 -1.38528
0.679272 -0.733799 0.0113412 109.562 0.733243 0.679243 0.0313612 61.8222 -0.0307163 -0.0129869 0.999444 -1.41646
0.679126 -0.733934 0.0113575 110.117 0.733294 0.679061 0.0340071 62.4258 -0.0326713 -0.0147667 0.999357 -1.44163
0.679921 -0.733219 0.00983667 110.677 0.732576 0.679792 0.0348661 63.0382 -0.0322514 -0.0165001 0.999344 -1.47209
0.680789 -0.73246 0.00533355 111.214 0.731849 0.680487 0.0365408 63.6559 -0.0303941 -0.0209732 0.999318 -1.49363
0.681374 -0.731925 -0.00391515 111.777 0.731412 0.680675 0.0414528 64.2932 -0.0276754 -0.0311084 0.999133 -1.50219
0.68226 -0.73102 -0.0114771 112.372 0.730603 0.681117 0.0479539 64.9264 -0.027238 -0.0411022 0.998784 -1.50979
0.684473 -0.728847 -0.0166694 112.945 0.72848 0.682876 0.0547468 65.5388 -0.028519 -0.049616 0.998361 -1.54104
0.686958 -0.726487 -0.017472 113.529 0.726117 0.685253 0.0564126 66.1797 -0.0290103 -0.0514399 0.998255 -1.57269
0.689101 -0.7245 -0.0154643 114.122 0.724103 0.687568 0.0540838 66.8231 -0.0285509 -0.0484669 0.998417 -1.58256
0.690699 -0.723035 -0.0124987 114.728 0.722606 0.689417 0.0504447 67.4576 -0.0278564 -0.0438737 0.998649 -1.59635
0.690778 -0.723019 -0.00831681 115.323 0.722558 0.689817 0.0454136 68.0761 -0.0270978 -0.0373801 0.998934 -1.60382
0.6909 -0.722929 -0.00543654 115.93 0.722456 0.69013 0.0421683 68.6938 -0.0267328 -0.0330617 0.999096 -1.61209
0.691487 -0.72237 -0.00519193 116.516 0.721841 0.690665 0.0439121 69.3089 -0.0281349 -0.0341124 0.999022 -1.62904
0.692345 -0.721554 -0.00418605 117.075 0.720814 0.691346 0.0496783 69.9253 -0.0329516 -0.0374119 0.998756 -1.64559
0.693536 -0.72042 -0.00169793 117.671 0.719364 0.692388 0.0558025 70.5564 -0.0390256 -0.0399225 0.99844 -1.69527
0.694229 -0.719744 -0.00389631 118.259 0.718803 0.693022 0.055158 71.1738 -0.0369994 -0.0410929 0.99847 -1.74659
0.694706 -0.719235 -0.00917723 118.84 0.718807 0.693711 0.0456148 71.7629 -0.0264414 -0.0382855 0.998917 -1.75283
0.694832 -0.719048 -0.0133955 119.422 0.719018 0.694176 0.0336538 72.3578 -0.0148998 -0.0330154 0.999344 -1.72873
0.694339 -0.71952 -0.0135834 119.998 0.719557 0.693826 0.0290404 72.9505 -0.0114706 -0.0299379 0.999486 -1.73422
0.693702 -0.720155 -0.0124522 120.592 0.720145 0.693172 0.0300695 73.5761 -0.0130232 -0.0298267 0.99947 -1.774
0.693314 -0.720583 -0.00877527 121.213 0.720459 0.692822 0.0306095 74.2214 -0.015977 -0.0275442 0.999493 -1.7811
0.692426 -0.721469 -0.00537217 121.809 0.721163 0.691871 0.0351725 74.8376 -0.021659 -0.0282286 0.999367 -1.79755
0.691356 -0.722502 -0.00414743 122.375 0.721993 0.690628 0.0419396 75.4531 -0.0274371 -0.0319896 0.999111 -1.82254
0.690815 -0.723004 -0.00631057 122.912 0.722521 0.689974 0.0435815 76.0576 -0.0271555 -0.0346663 0.99903 -1.84469
0.689717 -0.724017 -0.00954486 123.459 0.72366 0.688808 0.0431283 76.6439 -0.024651 -0.0366535 0.999024 -1.86069
0.687683 -0.725891 -0.0131855 124.025 0.72565 0.686655 0.0440223 77.2517 -0.0229015 -0.0398414 0.998943 -1.87548
0.685462 -0.727906 -0.0171869 124.585 0.7278 0.684292 0.0452901 77.8613 -0.0212061 -0.0435533 0.998826 -1.88891
0.682011 -0.731067 -0.0200553 125.144 0.731086 0.680791 0.0451303 78.476 -0.0193398 -0.0454415 0.99878 -1.90447
0.678545 -0.734207 -0.0227407 125.696 0.734347 0.67728 0.045002 79.0908 -0.0176389 -0.0472354 0.998728 -1.91647
0.676073 -0.736343 -0.0268972 126.243 0.736631 0.674579 0.0481363 79.6918 -0.0173006 -0.052357 0.998479 -1.9227
0.674919 -0.737303 -0.0294713 126.815 0.737652 0.673141 0.0524421 80.2959 -0.0188273 -0.0571337 0.998189 -1.92881
0.674294 -0.737863 -0.0297685 127.371 0.738149 0.672283 0.0563192 80.9046 -0.0215429 -0.0599493 0.997969 -1.93211
0.673564 -0.738532 -0.0296825 127.922 0.73873 0.67134 0.0598373 81.5141 -0.0242647 -0.0622316 0.997767 -1.93598
0.671913 -0.740077 -0.0286158 128.458 0.740232 0.669782 0.0587201 82.1201 -0.024291 -0.0606371 0.997864 -1.95222
0.668786 -0.742947 -0.0274756 128.972 0.743132 0.66695 0.0541502 82.7181 -0.0219059 -0.056633 0.998155 -1.95
0.664463 -0.746884 -0.0255456 129.492 0.747068 0.662961 0.0487051 83.3153 -0.0194413 -0.051447 0.998487 -1.9491
0.658817 -0.751942 -0.0233249 130.012 0.752069 0.657522 0.04536 83.9196 -0.0187714 -0.0474259 0.998698 -1.96132
0.653901 -0.756345 -0.0188639 130.538 0.756241 0.652657 0.0462427 84.5196 -0.0226638 -0.0445038 0.998752 -1.97586
0.649977 -0.759845 -0.0128882 131.086 0.759335 0.64867 0.051357 85.1473 -0.0306632 -0.0431673 0.998597 -2.00233
0.646471 -0.762895 -0.00819546 131.625 0.761909 0.645003 0.0588631 85.7618 -0.0396202 -0.0442974 0.998232 -2.0209
0.643354 -0.765539 -0.00680409 132.116 0.764347 0.6418 0.0621863 86.3803 -0.0432391 -0.0452085 0.998041 -2.04347
0.638934 -0.769222 -0.00786764 132.599 0.768363 0.637659 0.0548537 86.9928 -0.0371777 -0.0410931 0.998463 -2.03879
0.633595 -0.773567 -0.0123154 133.102 0.773192 0.632571 0.0450283 87.6092 -0.0270421 -0.0380518 0.99891 -2.0738
0.627952 -0.778026 -0.0187852 133.614 0.778012 0.626976 0.0399736 88.2377 -0.0193226 -0.0397166 0.999024 -2.09737
0.622203 -0.782418 -0.0261903 134.139 0.782678 0.620999 0.0421282 88.889 -0.0166977 -0.0467109 0.998769 -2.11341
0.61566 -0.787449 -0.0297828 134.648 0.787813 0.614217 0.0456945 89.5638 -0.017689 -0.0515956 0.998511 -2.11178
0.608552 -0.792935 -0.0303159 135.117 0.79328 0.607001 0.0474935 90.2266 -0.0192574 -0.0529512 0.998411 -2.12023
0.60135 -0.798435 -0.0296639 135.592 0.798749 0.599855 0.0466238 90.874 -0.0194321 -0.0517313 0.998472 -2.1385
0.594394 -0.803679 -0.0281992 136.082 0.803926 0.592974 0.0456635 91.5278 -0.0199775 -0.0498122 0.998559 -2.16471
0.587909 -0.808408 -0.0289899 136.557 0.808621 0.586322 0.0485744 92.1992 -0.0222705 -0.0519991 0.998399 -2.2018
0.581501 -0.813028 -0.0290393 137.046 0.813109 0.579648 0.0534899 92.8997 -0.0266562 -0.0547165 0.998146 -2.21444
0.575015 -0.817666 -0.0279451 137.528 0.817504 0.572879 0.0591375 93.6007 -0.0323455 -0.0568502 0.997859 -2.20927
0.569423 -0.821621 -0.0263798 137.994 0.821208 0.567102 0.0633511 94.2946 -0.0370906 -0.0577368 0.997643 -2.21453
0.565329 -0.824478 -0.0252882 138.456 0.823946 0.562986 0.0644937 94.9743 -0.0389367 -0.0572962 0.997598 -2.24767
0.561896 -0.826742 -0.0277747 138.905 0.826383 0.559519 0.0634803 95.6527 -0.0369413 -0.0586218 0.997597 -2.27963
0.559196 -0.82833 -0.0341865 139.351 0.828458 0.556794 0.0603072 96.3265 -0.0309194 -0.0620457 0.997594 -2.2907
0.556683 -0.82973 -0.0406536 139.799 0.830369 0.554346 0.056456 97.0089 -0.024307 -0.0651856 0.997577 -2.2981
0.553947 -0.831318 -0.0452985 140.234 0.832298 0.551616 0.0547734 97.7026 -0.0205468 -0.0680434 0.997471 -2.29331
0.551631 -0.832752 -0.0471883 140.686 0.833805 0.549088 0.0571996 98.4288 -0.0217226 -0.070899 0.997247 -2.27396
0.54923 -0.834491 -0.0443972 141.165 0.835151 0.546239 0.0643917 99.1561 -0.0294828 -0.0724443 0.996937 -2.27926
0.545858 -0.837094 -0.0362423 141.621 0.836961 0.542727 0.0703134 99.8339 -0.0391892 -0.0687145 0.996866 -2.32182
0.540907 -0.840638 -0.0273276 142.034 0.840121 0.538452 0.0653107 100.484 -0.0401881 -0.0582856 0.997491 -2.36392
0.535523 -0.844197 -0.0233678 142.425 0.843839 0.533775 0.0549534 101.133 -0.0339184 -0.0491475 0.998215 -2.41448
0.529696 -0.847796 -0.0257868 142.842 0.847749 0.5282 0.0482261 101.822 -0.0272653 -0.0474059 0.998504 -2.45496
0.523342 -0.851729 -0.0258919 143.278 0.851741 0.521956 0.0458195 102.531 -0.0255113 -0.0460324 0.998614 -2.48164
0.51634 -0.856096 -0.0221965 143.721 0.855933 0.515055 0.0457893 103.265 -0.0277676 -0.0426416 0.998704 -2.50819
0.510519 -0.859756 -0.0138082 144.189 0.859225 0.509452 0.0468064 103.999 -0.0332074 -0.0357599 0.998808 -2.51838
0.505887 -0.862584 -0.00513972 144.62 0.861723 0.505095 0.0480898 104.725 -0.0388854 -0.028757 0.99883 -2.52547
0.501192 -0.865336 -0.00045046 145.031 0.864426 0.500641 0.0461075 105.423 -0.039673 -0.0234981 0.998936 -2.51891
0.495743 -0.868465 0.00270453 145.44 0.867862 0.49551 0.035855 106.105 -0.032479 -0.0154277 0.999353 -2.52902
0.489377 -0.872071 0.00146261 145.848 0.871751 0.489242 0.0263204 106.81 -0.0236688 -0.0116056 0.999653 -2.58087
0.482998 -0.875621 -0.000285951 146.259 0.875368 0.482851 0.0242121 107.55 -0.0210625 -0.0119447 0.999707 -2.60456
0.478485 -0.878083 -0.0046431 146.669 0.877703 0.478107 0.0324126 108.33 -0.0262411 -0.0195842 0.999464 -2.64061
0.474175 -0.88043 -0.000892313 147.079 0.879663 0.473719 0.0422363 109.116 -0.0367634 -0.0208123 0.999107 -2.65947
0.470835 -0.882205 0.00545013 147.475 0.881066 0.470525 0.048249 109.89 -0.0451299 -0.0179154 0.99882 -2.67549
0.469079 -0.883133 0.0063387 147.854 0.882102 0.468858 0.0454817 110.63 -0.0431383 -0.0157431 0.998945 -2.65647
0.467268 -0.884108 -0.00375827 148.217 0.883531 0.4668 0.0383363 111.352 -0.0321391 -0.0212339 0.999258 -2.66721
0.465333 -0.885031 -0.0136046 148.578 0.884882 0.464777 0.0311021 112.078 -0.0212032 -0.0265113 0.999424 -2.67494
0.463553 -0.885923 -0.0161273 148.96 0.88591 0.463048 0.0273815 112.826 -0.0167902 -0.0269801 0.999495 -2.69987
0.462441 -0.886578 -0.0113391 149.371 0.886419 0.46199 0.0287624 113.62 -0.0202615 -0.0233521 0.999522 -2.73401
0.462287 -0.886715 -0.00514663 149.782 0.886258 0.461843 0.0353248 114.406 -0.0289461 -0.0208914 0.999363 -2.76302
0.461983 -0.886889 0.000922354 150.191 0.886094 0.461612 0.041848 115.189 -0.0375403 -0.0185158 0.999124 -2.796
0.460307 -0.88776 0.000124844 150.574 0.886967 0.459902 0.0421777 115.927 -0.0375011 -0.019304 0.99911 -2.81936
0.457741 -0.889085 -0.000616463 150.947 0.888598 0.457467 0.0334185 116.636 -0.0294299 -0.0158448 0.999441 -2.84953
0.4562 -0.889875 -0.00199643 151.332 0.889665 0.456042 0.0228293 117.366 -0.0194048 -0.0121909 0.999737 -2.86208
0.454173 -0.89089 -0.00645553 151.697 0.890794 0.453981 0.0196659 118.151 -0.0145894 -0.0146822 0.999786 -2.8494
0.453199 -0.891376 -0.00775631 152.098 0.891257 0.452943 0.0224263 118.966 -0.0164771 -0.0170765 0.999718 -2.82406
0.452794 -0.891615 -0.000550183 152.516 0.891297 0.452616 0.0269935 119.766 -0.0238188 -0.0127129 0.999635 -2.80375
0.45147 -0.892282 0.00270501 152.893 0.891795 0.451321 0.0318014 120.527 -0.0295966 -0.0119451 0.99949 -2.85058
0.451413 -0.892314 0.0011901 153.266 0.891856 0.451224 0.0314733 121.256 -0.0286211 -0.0131461 0.999504 -2.89302
0.451924 -0.89204 -0.00535787 153.635 0.891716 0.451577 0.030331 121.995 -0.024637 -0.018485 0.999526 -2.91181
0.451843 -0.89202 -0.0117737 153.994 0.89182 0.451334 0.0308809 122.746 -0.0222325 -0.0244534 0.999454 -2.91184
0.451198 -0.892249 -0.0176689 154.354 0.892113 0.450431 0.0352952 123.51 -0.0235335 -0.0316878 0.999221 -2.90873
0.450859 -0.892417 -0.0178239 154.726 0.892193 0.449966 0.0390248 124.278 -0.0268063 -0.033497 0.999079 -2.90937
0.450196 -0.892766 -0.0171023 155.094 0.892451 0.449244 0.0413734 125.023 -0.0292537 -0.0338891 0.998997 -2.92119
0.449528 -0.893096 -0.0174348 155.463 0.892801 0.448579 0.0410345 125.744 -0.0288269 -0.034012 0.999006 -2.93884
0.448289 -0.893662 -0.0201511 155.811 0.893537 0.447366 0.038143 126.456 -0.025072 -0.0351048 0.999069 -2.97048
0.44715 -0.894153 -0.0233852 156.16 0.894187 0.446216 0.0363432 127.195 -0.0220615 -0.0371616 0.999066 -2.98426
0.446113 -0.894668 -0.0234896 156.529 0.894651 0.44509 0.0386547 127.927 -0.0241281 -0.0382594 0.998976 -3.00501
0.444616 -0.895519 -0.0190534 156.882 0.895192 0.443521 0.0438257 128.639 -0.0307962 -0.0365421 0.998857 -3.03447
0.44341 -0.896251 -0.0109703 157.232 0.895508 0.442456 0.0479499 129.336 -0.0381213 -0.0310855 0.998789 -3.05049
0.44217 -0.896889 -0.0086625 157.567 0.896102 0.441325 0.0472594 130.029 -0.0385635 -0.0286592 0.998845 -3.03867
0.4425 -0.896674 -0.0130055 157.869 0.896153 0.441613 0.0434358 130.676 -0.0332043 -0.0308753 0.998972 -3.06658
0.443707 -0.89593 -0.0207899 158.191 0.895798 0.442733 0.039155 131.319 -0.0258758 -0.035997 0.999017 -3.08817
0.44489 -0.895358 -0.0201745 158.519 0.895376 0.444187 0.0316001 131.967 -0.0193322 -0.0321223 0.999297 -3.09492
0.446288 -0.894735 -0.0166148 158.82 0.894769 0.445847 0.0246818 132.606 -0.014676 -0.0258816 0.999557 -3.087
0.450261 -0.892783 -0.0142819 159.112 0.892801 0.449921 0.0218272 133.191 -0.0130612 -0.0225788 0.99966 -3.08669
0.456014 -0.88989 -0.0121397 159.41 0.889821 0.455642 0.0246669 133.786 -0.0164195 -0.0220506 0.999622 -3.09381
0.461912 -0.88684 -0.0123223 159.716 0.886618 0.461342 0.0327317 134.375 -0.023343 -0.0260443 0.999388 -3.10791
0.466837 -0.884244 -0.0132239 160.031 0.883801 0.465975 0.0419885 134.978 -0.0309661 -0.0312891 0.999031 -3.1185
