0.475687 -0.879489 0.0148857 1.17144 0.879615 0.475623 -0.00778603 1.44955 -0.000232272 0.0167974 0.999859 0.789893
0.474474 -0.88018 0.0125203 1.53805 0.88027 0.474424 -0.00685681 2.12703 9.52827e-05 0.0142746 0.999898 0.793413
0.473194 -0.880873 0.012271 1.95006 0.880956 0.473175 -0.00464637 2.89133 -0.00171347 0.0130088 0.999914 0.802076
0.47161 -0.881721 0.0123288 2.40165 0.881793 0.471636 -0.000902701 3.73737 -0.00501876 0.0112971 0.999924 0.817797
0.470285 -0.882443 0.011212 2.80954 0.882469 0.470352 0.00419152 4.52754 -0.00897235 0.007923 0.999928 0.844742
0.468327 -0.883532 0.00645448 3.24548 0.883494 0.468368 0.00831747 5.40843 -0.0103718 0.0018072 0.999945 0.891338
0.466738 -0.884391 0.00279313 3.63258 0.884315 0.466736 0.0120084 6.23156 -0.0119238 -0.00313478 0.999924 0.952686
0.465443 -0.885077 0.00154105 4.02255 0.884945 0.465403 0.0165214 7.0701 -0.0153399 -0.00632603 0.999862 1.0238
0.464505 -0.885566 -0.00282554 4.46898 0.8855 0.464426 0.0140492 8.02335 -0.0111292 -0.00902794 0.999897 1.09719
0.464834 -0.885398 -0.000360742 4.82616 0.885229 0.464738 0.0197134 8.78939 -0.0172866 -0.00948281 0.999806 1.13896
0.465808 -0.884871 0.00507993 5.24158 0.884591 0.465793 0.0231352 9.63612 -0.0228378 -0.00628288 0.99972 1.16961
0.467156 -0.88413 0.00886097 5.6904 0.883932 0.46724 0.0187603 10.5292 -0.0207267 -0.000931509 0.999785 1.1848
0.468485 -0.883382 0.0125707 6.10163 0.88328 0.468632 0.0141842 11.3294 -0.0184211 0.00445841 0.99982 1.18074
0.46978 -0.882746 0.00812275 6.58329 0.882783 0.469769 -0.00331735 12.2727 -0.000887436 0.00872905 0.999961 1.17928
0.471013 -0.882098 0.00712466 6.9896 0.882089 0.470903 -0.0130087 13.0559 0.00811995 0.0124119 0.99989 1.18036
0.472206 -0.881427 0.010412 7.41782 0.881437 0.472018 -0.0163656 13.8582 0.00951043 0.0169054 0.999812 1.19155
0.472537 -0.881177 0.0153498 7.89076 0.881286 0.472322 -0.0156771 14.7433 0.00656423 0.0209355 0.999759 1.19963
0.471954 -0.881324 0.0229664 8.33826 0.881616 0.471894 -0.0083025 15.5821 -0.0035205 0.0241659 0.999702 1.19678
0.470988 -0.881487 0.033934 8.79809 0.882093 0.471009 -0.00788828 16.4179 -0.00902982 0.0336483 0.999393 1.18881
0.469604 -0.88204 0.038448 9.28223 0.882868 0.469354 -0.0158404 17.3031 -0.00407387 0.0413832 0.999135 1.17245
0.468234 -0.882785 0.0380453 9.72366 0.883604 0.46783 -0.0194407 18.1243 -0.000636758 0.0427198 0.999087 1.15326
0.465417 -0.884434 0.0341126 10.641 0.88509 0.464988 -0.020063 19.8744 0.00188244 0.0395304 0.999217 1.16198
0.46474 -0.884677 0.0369119 11.0666 0.885357 0.464883 -0.00514056 20.69 -0.012612 0.0350692 0.999305 1.16066
0.463506 -0.885401 0.0350356 11.5729 0.88594 0.463799 0.000278489 21.6708 -0.016496 0.0309103 0.999386 1.1588
0.462343 -0.886104 0.0325386 12.0535 0.886564 0.462605 0.000599316 22.6027 -0.0155836 0.0285704 0.99947 1.15644
0.461847 -0.886349 0.0329036 12.4962 0.886774 0.462192 0.00331455 23.4663 -0.0181456 0.0276472 0.999453 1.15533
0.461458 -0.886637 0.030504 12.9384 0.886889 0.461896 0.00890446 24.3379 -0.0219847 0.0229446 0.999495 1.15034
0.461304 -0.886847 0.0264814 13.4044 0.88706 0.461608 0.00646725 25.2597 -0.0179595 0.0205072 0.999628 1.14227
0.461083 -0.886955 0.0267001 13.8403 0.887197 0.461362 0.00510698 26.1114 -0.0168481 0.0213335 0.99963 1.13303
0.461213 -0.886955 0.0243558 14.3157 0.887204 0.461375 0.00120828 27.0336 -0.0123089 0.0210513 0.999703 1.12186
0.460973 -0.887047 0.025519 14.7646 0.887282 0.46121 0.00396516 27.9053 -0.0152869 0.0208147 0.999666 1.11594
0.459115 -0.887815 0.031589 15.6981 0.888057 0.459614 0.0104886 29.7362 -0.0238307 0.0232374 0.999446 1.10617
0.458677 -0.887959 0.0338268 16.1558 0.888174 0.459306 0.0135893 30.6287 -0.0276036 0.023811 0.999335 1.09854
0.458247 -0.8883 0.0305515 16.601 0.888464 0.45877 0.0127434 31.5191 -0.025336 0.0213043 0.999452 1.09796
0.457863 -0.888656 0.0255288 17.0683 0.888853 0.458147 0.0063767 32.4482 -0.0173626 0.0197717 0.999654 1.10528
0.45755 -0.888768 0.0271994 17.4813 0.88891 0.457954 0.0108149 33.2546 -0.022068 0.0192295 0.999572 1.11388
0.457318 -0.88878 0.0304968 17.9461 0.888924 0.457856 0.013523 34.1562 -0.0259822 0.020925 0.999443 1.12555
0.456966 -0.888994 0.0295174 18.4409 0.889264 0.45734 0.00707913 35.1221 -0.0197928 0.0230138 0.999539 1.12747
0.456788 -0.889061 0.0302426 18.8663 0.889431 0.457062 0.0024793 35.9549 -0.016027 0.0257662 0.999539 1.12
0.456401 -0.889252 0.0304952 19.3258 0.889726 0.456465 -0.00522215 36.8436 -0.0092762 0.0295158 0.999521 1.11859
0.455576 -0.889632 0.0317229 19.7553 0.890143 0.45565 -0.00528628 37.6774 -0.0097517 0.0306463 0.999483 1.12208
0.454617 -0.890116 0.0318941 20.2031 0.890639 0.454672 -0.00590786 38.5745 -0.00924267 0.0310919 0.999474 1.12417
0.453761 -0.890391 0.0361236 20.6213 0.891005 0.453988 -0.00212526 39.402 -0.0145074 0.0331507 0.999345 1.12968
0.453078 -0.890645 0.0383616 21.0427 0.89124 0.45352 0.0032509 40.2393 -0.0202931 0.0327164 0.999259 1.12645
0.452116 -0.89123 0.0360614 21.4869 0.891792 0.452444 0.00104873 41.1248 -0.0172504 0.0316851 0.999349 1.10598
0.451076 -0.8919 0.0323157 21.8893 0.892406 0.451223 -0.00302316 41.9373 -0.0118852 0.0302024 0.999473 1.08124
0.450265 -0.892413 0.0293264 22.2891 0.892865 0.450276 -0.00661465 42.7521 -0.00730197 0.0291629 0.999548 1.0754
0.449187 -0.893133 0.0233225 22.7115 0.893431 0.449132 -0.00783198 43.6184 -0.00347987 0.024355 0.999697 1.08441
0.448457 -0.893546 0.0215162 23.1034 0.893773 0.448513 -0.002406 44.4188 -0.00750042 0.0203096 0.999766 1.09993
0.446015 -0.894812 0.0195548 23.8891 0.894994 0.446077 -0.00133754 46.018 -0.00752608 0.018098 0.999808 1.10626
0.44497 -0.895275 0.0219999 24.2299 0.895446 0.445153 0.00396787 46.7126 -0.0133456 0.0179341 0.99975 1.10561
0.443331 -0.896128 0.0203068 24.6278 0.896285 0.44347 0.00271825 47.5298 -0.0114414 0.0169956 0.99979 1.10739
0.442057 -0.896717 0.0219861 24.9798 0.896859 0.442275 0.00602306 48.2457 -0.0151249 0.0170559 0.99974 1.10815
0.440527 -0.897494 0.0209944 25.3711 0.897665 0.44067 0.0025494 49.0483 -0.0115397 0.0177229 0.999776 1.10618
0.439454 -0.898025 0.0207589 25.7111 0.898168 0.439628 0.00453211 49.7551 -0.0131962 0.0166534 0.999774 1.10647
0.438186 -0.898678 0.0192479 26.0681 0.898771 0.43837 0.00650191 50.5015 -0.0142809 0.0144504 0.999794 1.11026
0.43709 -0.89917 0.0211048 26.3759 0.89915 0.437412 0.0141556 51.1444 -0.0219598 0.0127891 0.999677 1.11315
0.435639 -0.899907 0.0196809 26.7159 0.899819 0.435955 0.0164137 51.8519 -0.0233508 0.0105588 0.999672 1.10675
0.434342 -0.90067 0.0118309 27.047 0.900703 0.434414 0.00421371 52.5635 -0.00893466 0.00882592 0.999921 1.0925
0.433146 -0.901302 0.00620587 27.339 0.901309 0.433091 -0.00856242 53.2048 0.00502962 0.00930219 0.999944 1.08675
0.432484 -0.901634 0.00369738 27.6087 0.901599 0.43242 -0.0114784 53.7956 0.00875052 0.00829778 0.999927 1.09799
0.431959 -0.901883 0.00435071 27.8878 0.901886 0.431929 -0.00629337 54.3926 0.00379669 0.00664232 0.999971 1.11689
0.430851 -0.902406 0.00551514 28.1845 0.902418 0.43086 0.00060338 55.0257 -0.00292075 0.00471699 0.999985 1.13792
0.429893 -0.902812 0.0110873 28.4368 0.902817 0.429976 0.00652898 55.5449 -0.0106617 0.00720307 0.999917 1.14046
0.429279 -0.903031 0.0159602 28.7388 0.903151 0.429323 -0.000744865 56.1615 -0.00617943 0.0147342 0.999872 1.13756
0.429813 -0.902687 0.0204342 28.9873 0.902907 0.429811 -0.00473686 56.6693 -0.00450695 0.0204862 0.99978 1.13548
0.432106 -0.901629 0.0186963 29.2645 0.901821 0.431975 -0.0107385 57.2539 0.00160581 0.0215009 0.999768 1.14222
0.43522 -0.900179 0.0161441 29.4825 0.90032 0.435199 -0.00497764 57.7284 -0.00254513 0.0167012 0.999857 1.1511
0.440123 -0.897857 0.0120509 29.7622 0.897936 0.440059 -0.00764361 58.3085 0.00155976 0.0141851 0.999898 1.15982
0.443949 -0.895899 0.0165527 29.9833 0.896046 0.443936 -0.0046845 58.722 -0.00315148 0.0169116 0.999852 1.17603
0.450485 -0.89249 0.0229086 30.2476 0.892744 0.450559 -0.00208316 59.2128 -0.0084625 0.02139 0.999735 1.19096
0.458986 -0.888126 0.0237327 30.4795 0.888352 0.459159 0.00210516 59.669 -0.0127667 0.0201167 0.999716 1.1835
0.47031 -0.882208 0.0227396 30.7215 0.882343 0.470558 0.00680345 60.1239 -0.0167023 0.0168644 0.999718 1.16483
0.48392 -0.874835 0.0220075 30.9596 0.874841 0.484244 0.0127279 60.5509 -0.0217918 0.0130937 0.999677 1.15079
0.503802 -0.863572 0.0206402 31.2462 0.863646 0.504035 0.00795836 60.9887 -0.017276 0.0138164 0.999755 1.15737
0.525908 -0.850241 0.0226077 31.5253 0.850452 0.526052 0.000509243 61.3547 -0.0123258 0.0189589 0.999744 1.17607
0.545977 -0.837347 0.0275545 31.7745 0.837637 0.546224 0.00179595 61.6604 -0.0165548 0.0221001 0.999619 1.1823
0.575126 -0.817537 0.0293847 32.0884 0.817845 0.575433 0.00252155 62.0584 -0.0189704 0.022582 0.999565 1.17606
0.602999 -0.797129 0.0312816 32.3763 0.797417 0.603409 0.00489525 62.4044 -0.0227778 0.0219927 0.999499 1.16113
0.632566 -0.773808 0.0328973 32.6675 0.774054 0.633077 0.0073012 62.7337 -0.0264762 0.0208458 0.999432 1.14098
0.707636 -0.706111 0.0256682 33.3155 0.706325 0.707887 0.00102579 63.3628 -0.0188945 0.0174042 0.99967 1.12923
0.744789 -0.666978 0.0207094 33.6193 0.667149 0.744922 -0.00183563 63.5945 -0.0142026 0.0151834 0.999784 1.13639
0.784863 -0.619496 0.0146901 33.9509 0.619613 0.78489 -0.00512006 63.821 -0.00835827 0.0131207 0.999879 1.14028
0.820328 -0.57174 0.0132332 34.2789 0.571838 0.820351 -0.00503104 64.019 -0.00797939 0.0116943 0.9999 1.13496
0.887492 -0.460734 0.00909984 34.9862 0.460804 0.887464 -0.00819025 64.3681 -0.00430226 0.011462 0.999925 1.11336
0.915668 -0.401882 0.00651193 35.3138 0.401929 0.915621 -0.00955235 64.4758 -0.00212354 0.0113641 0.999933 1.10575
0.941646 -0.336584 0.00387288 35.6683 0.336606 0.941582 -0.0109623 64.5603 4.3097e-05 0.0116262 0.999932 1.09896
0.961163 -0.27594 0.00484429 36.0031 0.275975 0.961116 -0.00971218 64.6125 -0.00197595 0.0106719 0.999941 1.08632
0.976652 -0.214704 0.007313 36.3519 0.214765 0.976624 -0.0089776 64.6386 -0.00521453 0.0103386 0.999933 1.06669
0.988903 -0.148368 0.00762043 36.7334 0.148449 0.988853 -0.0115441 64.6314 -0.00582271 0.0125472 0.999904 1.04192
0.996133 -0.0875693 0.00708225 37.0747 0.0876625 0.99605 -0.0141496 64.6064 -0.0058152 0.0147157 0.999875 1.02479
0.99943 -0.0311187 0.013102 37.4544 0.0311849 0.999502 -0.00487774 64.6296 -0.0129436 0.00528354 0.999902 1.02158
0.999432 0.0273827 0.0196463 37.8771 -0.0276869 0.999498 0.0153806 64.7034 -0.0192153 -0.0159158 0.999689 1.01214
0.996586 0.0775625 0.0283043 38.2942 -0.0784934 0.996355 0.0334115 64.7948 -0.0256096 -0.0355192 0.999041 0.991551
0.991393 0.127944 0.0277578 38.7098 -0.128916 0.99098 0.0366036 64.8223 -0.0228242 -0.039867 0.998944 0.949419
0.985055 0.1699 0.028306 39.1003 -0.170595 0.985042 0.0242594 64.7937 -0.0237609 -0.0287257 0.999305 0.903311
0.977817 0.207515 0.0284921 39.4855 -0.207938 0.978059 0.0127699 64.7343 -0.025217 -0.0184112 0.999512 0.863053
0.969424 0.244261 0.0235368 39.8793 -0.244553 0.96958 0.0103831 64.6554 -0.0202846 -0.0158216 0.999669 0.853345
0.961362 0.274743 0.0173101 40.2299 -0.274982 0.961357 0.013339 64.5556 -0.0129764 -0.0175836 0.999761 0.879097
0.953135 0.302334 0.0112746 40.5744 -0.30246 0.953087 0.0119348 64.4059 -0.00713731 -0.0147856 0.999865 0.909896
0.944205 0.329358 0.000741562 40.9252 -0.329359 0.944197 0.0039787 64.1994 0.000610238 -0.00400095 0.999992 0.939323
0.936276 0.351202 -0.00665626 41.2545 -0.351251 0.936241 -0.00866842 63.974 0.00318751 0.010454 0.99994 0.956495
0.928962 0.369925 -0.0136338 41.6043 -0.370129 0.928801 -0.018256 63.7492 0.00590977 0.0220054 0.99974 0.950782
0.922672 0.385288 -0.015161 41.9751 -0.385523 0.92252 -0.0181566 63.5645 0.00699081 0.0225975 0.99972 0.948674
0.914957 0.403268 -0.015109 42.4383 -0.403425 0.914966 -0.00922453 63.3629 0.0101043 0.0145354 0.999843 0.968112
0.902661 0.43034 -0.00313854 43.2927 -0.430342 0.902666 0.00011111 62.9641 0.00288087 0.00125035 0.999995 1.00048
0.897448 0.441117 0.00169408 43.7104 -0.441117 0.89745 -0.000432323 62.7469 -0.00171105 -0.000359299 0.999998 0.987595
0.892619 0.450788 0.00467759 44.149 -0.450776 0.89263 -0.00356291 62.5124 -0.00578148 0.00107177 0.999983 0.979367
0.887796 0.460215 0.0045613 44.6405 -0.46019 0.887803 -0.00550608 62.2507 -0.00658352 0.00278921 0.999974 0.969327
0.884014 0.467434 0.00497124 45.11 -0.467402 0.884022 -0.00634701 62.0037 -0.00736148 0.00328728 0.999968 0.963374
0.880938 0.473223 0.00262821 45.6181 -0.473211 0.880939 -0.00432145 61.7342 -0.0043603 0.00256324 0.999987 0.954416
0.87873 0.477316 0.00185783 46.1005 -0.477309 0.878729 -0.00326153 61.4737 -0.00318932 0.00197925 0.999993 0.932779
0.876215 0.481918 0.00170267 46.5955 -0.481913 0.876215 -0.00269061 61.1941 -0.00278856 0.00153701 0.999995 0.908213
0.87373 0.486411 -0.00108249 47.1366 -0.486412 0.873727 -0.00195577 60.8823 -5.49853e-06 0.00223535 0.999997 0.881649
0.872254 0.489053 0.000582682 47.6675 -0.48905 0.872252 -0.00241784 60.5814 -0.00169069 0.00182401 0.999997 0.857226
0.869596 0.493761 0.00160477 48.8199 -0.493759 0.869597 -0.00159603 59.9297 -0.00218356 0.000595527 0.999997 0.8113
0.869062 0.494642 0.00779922 49.3585 -0.494628 0.869097 -0.00377238 59.6314 -0.00864425 -0.000579278 0.999962 0.77925
0.869367 0.494164 0.00196352 50.044 -0.49416 0.869369 -0.00188692 59.2497 -0.00263947 0.000670133 0.999996 0.742963
0.870511 0.492147 0.00134977 50.6418 -0.492144 0.870511 -0.00217403 58.9247 -0.00224493 0.00122823 0.999997 0.713171
0.872313 0.488943 0.0023016 51.2706 -0.488934 0.872313 -0.00374599 58.5896 -0.00383929 0.00214234 0.99999 0.689359
0.874699 0.484666 -0.00121053 51.955 -0.484666 0.874687 -0.00460962 58.225 -0.00117528 0.00461873 0.999989 0.673892
0.876814 0.480825 -0.00205256 52.6023 -0.480825 0.87678 -0.008 57.8789 -0.00204696 0.00800144 0.999966 0.671423
0.878801 0.477183 -0.00219673 53.2651 -0.477173 0.878727 -0.0120581 57.5212 -0.0038236 0.0116449 0.999925 0.674085
0.880882 0.473319 -0.00400864 53.983 -0.473331 0.880803 -0.0120118 57.1389 -0.00215461 0.0124784 0.99992 0.659886
0.88257 0.470169 0.00335379 54.6331 -0.470101 0.88253 -0.0120808 56.8119 -0.00863982 0.0090855 0.999921 0.635377
0.885035 0.465524 -0.000227109 55.4385 -0.465512 0.885008 -0.0076931 56.406 -0.00338033 0.00691438 0.99997 0.596678
0.886732 0.462281 -0.00149188 56.1327 -0.462281 0.886712 -0.00609612 56.0532 -0.00149525 0.00609529 0.99998 0.560153
0.887304 0.461185 0.000365937 56.7957 -0.461171 0.887283 -0.00713128 55.7016 -0.00361353 0.00615886 0.999975 0.547535
0.887602 0.46055 -0.00750511 57.6239 -0.46058 0.887614 -0.00285544 55.2784 0.00534657 0.00599119 0.999968 0.542041
0.887577 0.460601 -0.00740038 58.3362 -0.460618 0.887598 -0.000649886 54.9178 0.00626923 0.00398557 0.999972 0.555648
0.887383 0.461023 -0.00294288 59.0622 -0.461026 0.887386 -0.000430241 54.5514 0.00241313 0.00173853 0.999996 0.574573
0.887403 0.460959 -0.00565558 59.8155 -0.460969 0.887416 -0.000412105 54.1551 0.00482889 0.00297275 0.999984 0.58673
0.88748 0.460817 -0.00523624 60.5067 -0.460828 0.887489 -0.00118374 53.7828 0.00410162 0.00346355 0.999986 0.591386
0.887638 0.460498 -0.00630927 61.9772 -0.460506 0.887656 0.000178198 53.0287 0.00568252 0.00274728 0.99998 0.569876
0.887282 0.461218 0.0028693 62.636 -0.46122 0.887286 4.42448e-05 52.6877 -0.00252548 -0.00136264 0.999996 0.551426
0.886296 0.46312 0.00025275 63.4692 -0.463107 0.886268 0.00783344 52.2751 0.00340382 -0.0070598 0.999969 0.533953
0.884733 0.466075 0.00464827 64.1731 -0.466093 0.884635 0.01335 51.9343 0.00211008 -0.0139777 0.9999 0.527487
0.882607 0.469979 0.0111912 64.8893 -0.470107 0.882451 0.0167265 51.5885 -0.00201454 -0.020024 0.999797 0.540956
0.879631 0.47549 0.012555 65.6435 -0.475651 0.879436 0.0186534 51.208 -0.00217181 -0.02238 0.999747 0.552164
0.87641 0.481206 0.018623 66.2936 -0.481488 0.876309 0.0158587 50.8697 -0.00868819 -0.0228654 0.999701 0.551625
0.871971 0.489217 0.0182462 67.0534 -0.489484 0.87188 0.0151844 50.4685 -0.00848002 -0.0221716 0.999718 0.541513
0.867039 0.497893 0.0186017 67.7458 -0.498143 0.867002 0.0126796 50.0883 -0.00981464 -0.02026 0.999747 0.526751
0.861786 0.50687 0.0202162 68.4228 -0.507118 0.861822 0.00968673 49.7005 -0.0125128 -0.0185999 0.999749 0.515721
0.855083 0.518306 0.0138132 69.2005 -0.518455 0.855032 0.0111535 49.2413 -0.00602984 -0.0166987 0.999842 0.508668
0.849317 0.52773 0.0127131 69.839 -0.527844 0.849302 0.00824001 48.8287 -0.00644874 -0.0137089 0.999885 0.513709
0.843398 0.537114 0.013722 70.4894 -0.537206 0.843441 0.00402855 48.3958 -0.0094099 -0.0107692 0.999898 0.521028
0.836794 0.5474 0.0113721 71.177 -0.547457 0.83683 0.002559 47.9302 -0.00811574 -0.00836712 0.999932 0.526433
0.830873 0.556352 0.0110265 71.8032 -0.556395 0.830918 0.000958215 47.4956 -0.00862899 -0.00693124 0.999939 0.521786
0.825042 0.564943 0.0120589 72.4336 -0.564991 0.825096 0.0007256 47.0614 -0.00953985 -0.00741185 0.999927 0.514421
0.818817 0.573971 0.00976832 73.0928 -0.574032 0.818817 0.00504713 46.6145 -0.00510156 -0.00974001 0.99994 0.499491
0.813249 0.581829 0.0101072 73.6915 -0.581908 0.813206 0.00884651 46.2078 -0.0030721 -0.0130759 0.99991 0.483556
0.807154 0.590292 0.00762906 74.3151 -0.590338 0.807045 0.0133694 45.7658 0.00173484 -0.0152949 0.999882 0.475467
0.802031 0.597229 0.00802745 74.8818 -0.597281 0.801921 0.0133657 45.3423 0.00154502 -0.0155144 0.999878 0.47142
0.797406 0.603351 0.0105168 75.4533 -0.60344 0.79734 0.0105003 44.9043 -0.00205012 -0.0147192 0.99989 0.474351
0.793848 0.607888 0.0166486 75.9995 -0.608036 0.793891 0.00548377 44.4896 -0.00988365 -0.0144762 0.999846 0.473546
0.790566 0.61222 0.0138548 76.637 -0.612318 0.7906 0.00413162 43.9994 -0.00842415 -0.0117499 0.999895 0.460007
0.788711 0.614613 0.013636 77.1706 -0.614685 0.788772 0.00138648 43.5774 -0.00990354 -0.00947538 0.999906 0.443927
0.787341 0.616398 0.0121088 77.7382 -0.616453 0.787391 0.00101678 43.1333 -0.00890763 -0.00826508 0.999926 0.431568
0.786684 0.617214 0.0132291 78.2569 -0.617264 0.786756 -0.00044416 42.7249 -0.0106822 -0.00781641 0.999912 0.420527
0.786744 0.617127 0.013709 78.7731 -0.617164 0.786832 -0.00184423 42.3264 -0.0119248 -0.00700977 0.999904 0.417182
0.788163 0.615394 0.00950351 79.3032 -0.615413 0.788204 -0.00104873 41.9161 -0.00813609 -0.00502201 0.999954 0.419363
0.790648 0.612225 0.00751131 79.781 -0.61223 0.790677 -0.00187567 41.5504 -0.00708735 -0.00311565 0.99997 0.422283
0.794654 0.607028 0.00651576 80.2499 -0.607029 0.794677 -0.00203926 41.1993 -0.00641581 -0.00233475 0.999977 0.429087
0.800669 0.59909 0.00449548 80.6974 -0.599086 0.800681 -0.00229638 40.8691 -0.00497517 -0.000854541 0.999987 0.448531
0.808249 0.588836 0.00265009 81.1249 -0.58882 0.808249 -0.00493552 40.552 -0.00504814 0.0024287 0.999984 0.474258
0.819652 0.572813 -0.00746169 81.6015 -0.572857 0.819628 -0.00670657 40.2049 0.00227421 0.00977153 0.99995 0.535151
0.830827 0.556349 -0.0142157 81.9905 -0.556487 0.83081 -0.00874327 39.936 0.00694629 0.015175 0.999861 0.584386
0.841895 0.539452 -0.0142725 82.3713 -0.539607 0.841844 -0.0110747 39.6959 0.00604091 0.0170253 0.999837 0.620968
0.857788 0.513704 -0.0175308 82.8717 -0.51389 0.857817 -0.00823244 39.4109 0.0108092 0.0160706 0.999812 0.659779
0.872139 0.489071 -0.0135408 83.3204 -0.489189 0.872148 -0.00723508 39.1874 0.00827114 0.012934 0.999882 0.695833
0.887818 0.460151 -0.00638524 83.7928 -0.460187 0.887799 -0.00645375 38.9795 0.00269912 0.00866816 0.999959 0.727299
0.906096 0.42307 -0.00102481 84.3035 -0.423071 0.906088 -0.00392762 38.79 -0.000733091 0.00399236 0.999992 0.751821
0.923844 0.382763 0.00244135 84.7538 -0.382751 0.923842 -0.00422866 38.626 -0.00387399 0.0029722 0.999988 0.747735
0.941236 0.33771 0.00520551 85.1962 -0.337703 0.94125 -0.00231062 38.4965 -0.00568 0.000416922 0.999984 0.752747
0.958576 0.284743 0.00731673 85.6898 -0.284769 0.958592 0.0026935 38.3998 -0.00624681 -0.0046655 0.99997 0.758859
0.970964 0.238883 0.0127539 86.1217 -0.238962 0.971016 0.00501196 38.3478 -0.011187 -0.00791413 0.999906 0.762834
0.98452 0.174882 0.0116829 86.6602 -0.174955 0.984561 0.005578 38.3093 -0.010527 -0.00753564 0.999916 0.755064
0.994275 0.106707 0.00564002 87.1657 -0.106734 0.994276 0.00475104 38.3075 -0.00510077 -0.00532583 0.999973 0.756449
0.998906 0.0466828 0.00271402 87.603 -0.0466915 0.998904 0.00320589 38.3408 -0.00256139 -0.0033291 0.999991 0.764266
0.999744 -0.0225603 -0.00184366 88.0758 0.0225629 0.999745 0.00135959 38.3971 0.00181252 -0.00140084 0.999997 0.777459
0.994516 -0.104062 -0.0104844 88.5934 0.104057 0.994571 -0.000992236 38.4873 0.0105308 -0.000104186 0.999945 0.797079
0.985003 -0.172004 -0.0135296 89.0379 0.17198 0.985096 -0.00295794 38.602 0.0138368 0.00058675 0.999904 0.810947
0.969487 -0.244646 -0.015609 89.5123 0.244577 0.96961 -0.00626727 38.7547 0.0166679 0.00225844 0.999859 0.820122
0.950913 -0.309196 -0.0127238 89.9436 0.309126 0.950994 -0.00718378 38.9287 0.0143214 0.00289791 0.999893 0.820974
0.928153 -0.372141 -0.00655128 90.3753 0.372118 0.928174 -0.0045025 39.1381 0.0077563 0.00174115 0.999968 0.817994
0.899259 -0.437415 -0.00137172 90.8265 0.437413 0.89926 -0.00126246 39.3995 0.00178576 0.000535263 0.999998 0.814039
0.869863 -0.493279 0.00382035 91.2309 0.493275 0.869871 0.00186539 39.6659 -0.00424337 0.000261842 0.999991 0.815209
0.838601 -0.544708 0.00641231 91.6014 0.544703 0.838625 0.00272713 39.9413 -0.00686301 0.00120582 0.999976 0.839277
0.804223 -0.594312 0.00435724 91.9672 0.594323 0.804223 -0.00207011 40.2289 -0.0022739 0.00425444 0.999988 0.882201
0.779792 -0.626012 0.0058667 92.2847 0.626022 0.779805 -2.94438e-06 40.487 -0.00457304 0.00367498 0.999983 0.907999
0.749744 -0.661726 0.00174237 92.6929 0.661725 0.74973 -0.00496995 40.8278 0.00198244 0.00487915 0.999986 0.925582
0.728061 -0.68551 -0.0017826 93.0143 0.685473 0.728045 -0.00874429 41.115 0.00729211 0.00514445 0.99996 0.926549
0.710717 -0.703478 0.000183266 93.3401 0.703404 0.710638 -0.0147382 41.4113 0.0102378 0.0106036 0.999891 0.926091
0.700223 -0.713895 0.00647372 93.6634 0.713881 0.700051 -0.0173627 41.7092 0.00786322 0.0167792 0.999828 0.962005
0.690977 -0.722832 0.0080153 94.0444 0.722813 0.690728 -0.0208915 42.0694 0.00956466 0.0202291 0.99975 1.01732
0.684896 -0.728632 0.00361534 94.3927 0.728585 0.684774 -0.0157909 42.4474 0.00903006 0.0134492 0.999869 1.03931
0.681684 -0.731646 -0.000963056 94.7157 0.731618 0.681669 -0.00791938 42.8159 0.00645067 0.00469393 0.999968 1.04961
0.680437 -0.73278 -0.00626206 95.0459 0.732784 0.680458 -0.00209037 43.1964 0.00579286 -0.00316638 0.999978 1.05576
0.680619 -0.732586 -0.00873281 95.4232 0.732608 0.68065 -0.000931395 43.6103 0.00662631 -0.0057638 0.999961 1.08208
0.682784 -0.730574 -0.00825691 95.7759 0.730579 0.682822 -0.0030044 43.9844 0.00783294 -0.00398097 0.999961 1.11245
0.686726 -0.726855 -0.00945345 96.1638 0.726785 0.686791 -0.0100503 44.3943 0.0137977 3.11919e-05 0.999905 1.13316
0.690862 -0.722943 -0.00788925 96.5499 0.722829 0.690899 -0.0133312 44.7905 0.0150883 0.00350741 0.99988 1.14463
0.694631 -0.719349 -0.00501197 96.9269 0.719311 0.694647 -0.00748799 45.1828 0.00886803 0.00159622 0.999959 1.15504
0.69905 -0.715064 -0.00356546 97.3652 0.715072 0.699048 0.00181046 45.6391 0.00119783 -0.00381517 0.999992 1.16026
0.703765 -0.710426 -0.00311924 97.8431 0.710429 0.703742 0.00607946 46.1207 -0.00212387 -0.00649452 0.999977 1.16936
0.70748 -0.706733 -0.000579394 98.3067 0.70671 0.707449 0.00874193 46.5735 -0.00576832 -0.00659421 0.999962 1.17205
0.710509 -0.703684 0.00220779 98.7408 0.703595 0.710463 0.013978 47.0026 -0.0114047 -0.00837813 0.9999 1.16002
0.713094 -0.701041 0.00625587 99.1576 0.700853 0.713068 0.0184248 47.403 -0.0173774 -0.00875415 0.999811 1.1446
0.714431 -0.699623 0.0108146 99.6475 0.699403 0.714491 0.0183886 47.8816 -0.020592 -0.00557361 0.999772 1.13647
0.714598 -0.699493 0.00771541 100.188 0.699427 0.714638 0.00969013 48.4009 -0.0122919 -0.00152819 0.999923 1.14268
0.714243 -0.699895 0.00165218 100.661 0.699882 0.714242 0.00481213 48.8658 -0.00454805 -0.0022807 0.999987 1.13377
0.712861 -0.701267 -0.00738857 101.174 0.701293 0.712871 0.00164162 49.3731 0.00411588 -0.0063518 0.999971 1.12854
0.711224 -0.70293 -0.00706734 101.616 0.702965 0.711189 0.0070514 49.8189 6.95698e-05 -0.00998322 0.99995 1.12716
0.709227 -0.704904 -0.0103323 102.184 0.704978 0.709184 0.00798342 50.3891 0.00169996 -0.0129461 0.999915 1.12618
0.707635 -0.706549 -0.00646441 102.682 0.706548 0.70749 0.0157285 50.8911 -0.00653942 -0.0156974 0.999855 1.1353
0.706184 -0.708025 -0.00200323 103.157 0.707869 0.705963 0.0231939 51.3677 -0.0150077 -0.0177972 0.999729 1.13942
0.7043 -0.709817 -0.0110677 103.745 0.709878 0.704059 0.0193319 51.9749 -0.00592974 -0.0214722 0.999752 1.14842
0.701907 -0.71209 -0.0159581 104.244 0.712269 0.701733 0.0156066 52.502 8.50577e-05 -0.0223208 0.999751 1.15283
0.699575 -0.7144 -0.0150723 104.729 0.714556 0.699358 0.017549 53.0169 -0.00199604 -0.0230469 0.999732 1.14489
0.69642 -0.717443 -0.0165599 105.353 0.71763 0.696313 0.0124953 53.6585 0.00256621 -0.0205858 0.999785 1.15105
0.69384 -0.720036 -0.0116316 105.9 0.720129 0.69374 0.01177 54.2134 -0.000405486 -0.0165428 0.999863 1.15631
0.690522 -0.723297 -0.00455166 107.04 0.723286 0.690431 0.0127135 55.4005 -0.00605299 -0.0120711 0.999909 1.17301
0.689784 -0.724014 0.000997813 107.602 0.723947 0.689737 0.012769 55.9872 -0.0099332 -0.00808552 0.999918 1.18207
0.689465 -0.724318 0.00112939 108.201 0.724254 0.689422 0.0123862 56.6193 -0.00975015 -0.00772186 0.999923 1.1748
0.689671 -0.724122 -0.00127973 108.754 0.724058 0.689585 0.0145955 57.2119 -0.00968645 -0.0109927 0.999893 1.16755
0.690134 -0.72365 -0.00684621 109.309 0.723641 0.689964 0.0171441 57.8148 -0.00768269 -0.0167859 0.99983 1.16441
0.690643 -0.723035 -0.0152917 109.909 0.723191 0.690398 0.0185879 58.4682 -0.00288227 -0.0238964 0.99971 1.15856
0.692002 -0.721598 -0.0207028 110.467 0.721889 0.69159 0.0240894 59.0759 -0.00306502 -0.031615 0.999495 1.15478
0.694245 -0.719403 -0.0219864 111.039 0.719709 0.693613 0.0303427 59.6924 -0.00657855 -0.0368891 0.999298 1.14686
0.696434 -0.717183 -0.0250814 111.65 0.71761 0.695798 0.0300111 60.349 -0.00407179 -0.0388994 0.999235 1.1487
0.698241 -0.715395 -0.0258676 112.222 0.715855 0.697607 0.0299447 60.9625 -0.00337689 -0.0394261 0.999217 1.15276
0.699753 -0.714052 -0.021817 112.853 0.714383 0.69935 0.0238231 61.6159 -0.00175322 -0.032256 0.999478 1.16205
0.700188 -0.713807 -0.0146707 113.452 0.713945 0.699902 0.020501 62.2181 -0.0043657 -0.0248286 0.999682 1.17108
0.700808 -0.713328 -0.00560821 114.025 0.713246 0.70055 0.0225806 62.7952 -0.0121785 -0.0198247 0.999729 1.18
0.701765 -0.712402 -0.00320077 114.652 0.712206 0.701451 0.0270157 63.4355 -0.0170009 -0.0212383 0.99963 1.18456
0.702706 -0.711466 -0.00459383 115.296 0.711222 0.702262 0.0314986 64.092 -0.0191841 -0.0254015 0.999493 1.18201
0.703546 -0.710628 -0.00557206 115.885 0.710265 0.702886 0.0384041 64.7005 -0.0233745 -0.0309767 0.999247 1.17678
0.704156 -0.709949 -0.0116933 116.513 0.709843 0.703466 0.0354648 65.3469 -0.0169524 -0.0332731 0.999303 1.16605
0.704656 -0.709318 -0.0180965 117.081 0.709544 0.704334 0.0214635 65.916 -0.00247849 -0.0279647 0.999606 1.14636
0.704196 -0.709673 -0.0217287 117.659 0.709939 0.70422 0.00785634 66.4942 0.00972635 -0.0209585 0.999733 1.15167
0.703259 -0.710506 -0.0246752 118.327 0.710707 0.703487 -0.000828902 67.1542 0.0179477 -0.0169539 0.999695 1.16196
0.702957 -0.711125 -0.0123595 118.871 0.711231 0.702887 0.0100588 67.6934 0.00153425 -0.0158613 0.999873 1.16993
0.701866 -0.712307 0.00192968 119.506 0.712032 0.701665 0.0260097 68.353 -0.0198809 -0.0168813 0.99966 1.1762
0.700895 -0.713254 0.00385448 120.074 0.712818 0.700637 0.0315871 68.9394 -0.0252303 -0.0193917 0.999494 1.16689
0.699958 -0.714158 -0.00607973 120.617 0.714005 0.699567 0.0283489 69.5157 -0.0159924 -0.024184 0.99958 1.14027
0.698466 -0.715356 -0.0202729 121.209 0.71564 0.69827 0.016699 70.1326 0.00221019 -0.0261718 0.999655 1.11548
0.697316 -0.716472 -0.0204474 121.747 0.716749 0.697205 0.0132955 70.6889 0.0047302 -0.0239268 0.999703 1.12285
0.695605 -0.718241 -0.0162198 122.338 0.718423 0.695467 0.0139041 71.3027 0.00129386 -0.0213245 0.999772 1.14992
0.693045 -0.720698 -0.0168158 122.924 0.720886 0.692958 0.0115057 71.9285 0.00336051 -0.0200963 0.999792 1.16335
0.689911 -0.72372 -0.0158929 123.464 0.723888 0.689826 0.0111872 72.5093 0.00286697 -0.0192229 0.999811 1.1671
0.687157 -0.726325 -0.0163713 124.005 0.726509 0.687002 0.0145859 73.0974 0.000653059 -0.0219167 0.99976 1.16495
0.684956 -0.728271 -0.0213556 124.577 0.728584 0.684674 0.019668 73.7436 0.000297986 -0.0290311 0.999578 1.16856
0.683561 -0.729597 -0.0207956 125.105 0.729884 0.683135 0.0244131 74.3286 -0.00360552 -0.0318663 0.999486 1.17345
0.682061 -0.731027 -0.0198091 125.688 0.731279 0.681614 0.0251507 74.9683 -0.00488371 -0.0316403 0.999487 1.17332
0.681173 -0.73195 -0.0159162 126.221 0.732088 0.680769 0.0245154 75.534 -0.00710873 -0.0283513 0.999573 1.17663
0.679796 -0.733285 -0.0130135 126.761 0.733363 0.679476 0.0221566 76.1074 -0.00740473 -0.0246056 0.99967 1.18182
0.677257 -0.735662 -0.0111374 127.308 0.735728 0.677053 0.0174387 76.6974 -0.00528843 -0.0200046 0.999786 1.1914
0.672934 -0.739604 -0.0120423 127.855 0.739702 0.672843 0.0110851 77.3114 -9.60371e-05 -0.0163673 0.999866 1.20336
0.667747 -0.744305 -0.0111008 128.366 0.744381 0.667601 0.0143775 77.9103 -0.00329035 -0.0178638 0.999835 1.20402
0.662651 -0.748893 -0.00730284 128.891 0.748857 0.662423 0.0202217 78.5222 -0.0103063 -0.0188688 0.999769 1.19511
0.658409 -0.752659 0.00142561 129.443 0.75239 0.658221 0.0255729 79.1469 -0.0201861 -0.0157648 0.999672 1.19539
0.655292 -0.75536 0.00483476 129.962 0.754863 0.655069 0.032667 79.7496 -0.0278425 -0.0177568 0.999455 1.19545
0.65199 -0.758227 0.000402378 130.5 0.757786 0.651629 0.0337696 80.3927 -0.0258673 -0.0217126 0.99943 1.18369
0.647355 -0.762173 -0.00485152 130.985 0.761961 0.646993 0.0285677 80.9815 -0.0186347 -0.0221901 0.99958 1.17328
0.641168 -0.767312 -0.0116317 131.513 0.767386 0.64099 0.0158307 81.6302 -0.00469129 -0.0190762 0.999807 1.16858
0.636166 -0.771479 -0.0106627 132.01 0.771542 0.636025 0.013947 82.2525 -0.00397801 -0.0170994 0.999846 1.16249
0.630619 -0.776034 -0.00956419 132.519 0.776019 0.630341 0.0215688 82.8952 -0.0107094 -0.0210237 0.999722 1.14675
0.624101 -0.781201 -0.0149192 133.045 0.78127 0.623668 0.0256008 83.5808 -0.0106948 -0.0276334 0.999561 1.13105
0.617312 -0.78649 -0.0189366 133.513 0.786664 0.616806 0.0266561 84.2002 -0.00928454 -0.0313518 0.999465 1.11569
0.602574 -0.797783 -0.021138 134.533 0.798055 0.602237 0.020445 85.5658 -0.00358056 -0.0291889 0.999568 1.11817
0.596268 -0.802494 -0.0216098 134.988 0.802743 0.595746 0.0262676 86.2125 -0.00820567 -0.0330096 0.999421 1.11783
0.589055 -0.807759 -0.0232399 135.488 0.808023 0.588379 0.030162 86.9272 -0.0106898 -0.0365454 0.999275 1.12126
0.582616 -0.81248 -0.020844 135.947 0.812609 0.581852 0.0333847 87.5766 -0.0149963 -0.0363885 0.999225 1.11444
0.577207 -0.816414 -0.0173314 136.413 0.816373 0.576419 0.0357283 88.2338 -0.0191789 -0.0347715 0.999211 1.1018
0.572478 -0.819739 -0.0172155 136.905 0.819731 0.571769 0.0334746 88.9416 -0.0175971 -0.0332756 0.999291 1.07964
0.56933 -0.821907 -0.0182426 137.348 0.821935 0.568612 0.0332202 89.5891 -0.016931 -0.0339075 0.999282 1.07868
0.566082 -0.823962 -0.0252297 137.815 0.824264 0.565321 0.031632 90.2878 -0.0118007 -0.0387023 0.999181 1.0736
0.563253 -0.825652 -0.0323165 138.292 0.826281 0.562707 0.0249224 90.9975 -0.0023925 -0.0407401 0.999167 1.06945
0.560999 -0.827174 -0.0326168 138.735 0.827812 0.560431 0.0253673 91.6549 -0.00270368 -0.0412316 0.999146 1.0706
0.559222 -0.828447 -0.0307539 139.182 0.828948 0.558308 0.0337307 92.335 -0.010774 -0.0443563 0.998958 1.06908
0.557219 -0.829889 -0.0281362 139.655 0.830149 0.55598 0.0416998 93.0544 -0.018963 -0.0465932 0.998734 1.06542
0.553873 -0.832219 -0.0252426 140.101 0.832247 0.552498 0.0459488 93.7201 -0.024293 -0.0464579 0.998625 1.05336
0.549676 -0.835083 -0.0221995 140.546 0.835171 0.548754 0.0368642 94.3822 -0.0186026 -0.0388038 0.999074 1.03324
0.543866 -0.838911 -0.0209358 141.002 0.839135 0.54344 0.0229373 95.0812 -0.00786499 -0.0300428 0.999518 1.0291
0.538055 -0.842593 -0.0231123 141.433 0.842875 0.537581 0.0238419 95.7625 -0.00766429 -0.032309 0.999449 1.02043
0.531782 -0.846598 -0.0218949 141.862 0.846754 0.531076 0.0310597 96.4815 -0.0146673 -0.0350566 0.999278 1.01813
0.525035 -0.850942 -0.0153762 142.314 0.850816 0.524335 0.0344307 97.2253 -0.0212363 -0.0311597 0.999289 1.0196
0.514018 -0.857779 0.00102277 143.18 0.857434 0.513844 0.0277826 98.6621 -0.0243568 -0.0134038 0.999613 1.00323
0.508935 -0.860783 0.00615271 143.587 0.860523 0.508939 0.0219459 99.3423 -0.022022 -0.00587448 0.99974 0.996572
0.502693 -0.864443 0.00617635 144.029 0.864425 0.502725 0.00599122 100.087 -0.00828408 0.00232725 0.999963 0.986786
0.497247 -0.867537 0.0111925 144.424 0.867608 0.497227 -0.00464432 100.746 -0.00153608 0.01202 0.999927 0.980705
0.491353 -0.870855 0.0135662 144.863 0.870951 0.49136 -0.00300406 101.488 -0.00404978 0.0132915 0.999903 0.979899
0.486398 -0.873686 0.0094858 145.304 0.873595 0.486486 0.0127691 102.279 -0.0157709 0.00207588 0.999873 0.965544
0.482536 -0.875849 0.00691831 145.699 0.875393 0.482518 0.0293853 103.016 -0.0290753 -0.00812324 0.999544 0.957032
0.478986 -0.877797 0.00662631 146.091 0.877131 0.478895 0.0360753 103.759 -0.0348401 -0.0114674 0.999327 0.945338
0.476435 -0.879207 0.00211752 146.5 0.878793 0.476282 0.0296308 104.549 -0.0270601 -0.0122563 0.999559 0.919291
0.474366 -0.880264 -0.0105671 146.861 0.880207 0.474068 0.0222661 105.264 -0.0145905 -0.0198635 0.999696 0.899027
0.472348 -0.881192 -0.0197243 147.253 0.881407 0.472146 0.0141682 106.041 -0.00317215 -0.0240775 0.999705 0.91517
0.470872 -0.882084 -0.0144033 147.641 0.882193 0.470733 0.0120287 106.764 -0.00383023 -0.0183705 0.999824 0.936569
0.470218 -0.882524 -0.00677397 148.046 0.882466 0.470054 0.0174269 107.5 -0.0121955 -0.0141722 0.999825 0.951482
0.470768 -0.882248 -0.00398295 148.476 0.882068 0.470568 0.0228286 108.303 -0.0182663 -0.0142602 0.999731 0.947219
0.470234 -0.882539 -0.00243839 148.855 0.882271 0.470019 0.0260544 109.039 -0.0218479 -0.014403 0.999658 0.936761
0.46886 -0.883271 -0.00170483 149.234 0.883083 0.468719 0.0215985 109.767 -0.0182782 -0.0116322 0.999765 0.909002
0.46694 -0.884289 0.000312999 149.626 0.884275 0.466935 0.00550977 110.494 -0.00501838 -0.00229596 0.999985 0.909455
0.465064 -0.885255 0.00619507 150.035 0.885257 0.464995 -0.00999321 111.242 0.00596587 0.0101317 0.999931 0.926585
0.46399 -0.885792 0.00926437 150.447 0.885793 0.463831 -0.0152338 112.01 0.00919688 0.0152746 0.999841 0.955181
0.463371 -0.886098 0.0108277 150.82 0.886162 0.463361 -0.00356401 112.719 -0.00185909 0.0112466 0.999935 0.958194
0.46212 -0.886729 0.0125395 151.223 0.886712 0.462237 0.00889388 113.504 -0.0136827 0.00700885 0.999882 0.982379
0.461136 -0.887238 0.0127192 151.619 0.887206 0.461263 0.0100493 114.305 -0.014783 0.00665047 0.999869 0.986003
0.460792 -0.88742 0.0124908 151.976 0.887403 0.460908 0.00891742 115.025 -0.0136706 0.00697531 0.999882 0.966449
0.460936 -0.887408 0.00663495 152.349 0.887382 0.460977 0.00726196 115.789 -0.00950288 0.00254043 0.999952 0.966582
0.460636 -0.887587 0.00178905 152.741 0.887556 0.460636 0.00769064 116.568 -0.00765022 -0.00195471 0.999969 0.97299
0.46043 -0.887696 0.000597667 153.108 0.887634 0.460405 0.0115102 117.289 -0.0104928 -0.00476915 0.999934 0.977356
0.46008 -0.887877 -0.000320688 153.482 0.887753 0.46001 0.0168928 118.018 -0.0148512 -0.00805673 0.999857 0.978844
0.459522 -0.888147 -0.00593879 153.889 0.888114 0.459411 0.0139603 118.826 -0.00967047 -0.0116894 0.999885 0.982346
0.459106 -0.88837 -0.00445641 154.212 0.888293 0.458984 0.0163921 119.484 -0.0125168 -0.0114843 0.999856 0.986059
0.458419 -0.888719 -0.0054686 154.567 0.88868 0.458312 0.0140488 120.21 -0.00997913 -0.0113001 0.999886 0.991013
0.457438 -0.889212 -0.00725631 154.948 0.889218 0.457351 0.0109693 120.969 -0.00643536 -0.0114702 0.999914 1.00279
0.45603 -0.88994 -0.00649818 155.322 0.889893 0.45589 0.0159658 121.703 -0.0112461 -0.0130636 0.999851 0.987018
0.455242 -0.890352 -0.00536709 155.698 0.890251 0.455076 0.0189499 122.433 -0.0144297 -0.0134049 0.999806 0.984219
0.454705 -0.890636 -0.00325972 156.066 0.890501 0.454565 0.0194247 123.144 -0.0158186 -0.0117353 0.999806 1.00425
0.454541 -0.890721 -0.00307783 156.413 0.890635 0.454443 0.0158521 123.833 -0.0127211 -0.00994667 0.99987 1.03732
0.455028 -0.890452 -0.00662849 156.743 0.890455 0.454952 0.0103925 124.502 -0.00623839 -0.0106313 0.999924 1.03719
0.455906 -0.889947 -0.0120307 157.065 0.890026 0.455889 0.00424292 125.154 0.00170871 -0.012642 0.999919 1.04237
0.457037 -0.889274 -0.0175917 157.379 0.889391 0.457142 -0.0022347 125.789 0.0100292 -0.0146246 0.999843 1.04282
0.458721 -0.888316 -0.0216871 157.688 0.888398 0.458985 -0.00907389 126.406 0.0180145 -0.0151044 0.999724 1.0501
0.461224 -0.886928 -0.0251132 157.99 0.886946 0.461645 -0.0145078 127.014 0.0244607 -0.0155827 0.999579 1.06546
0.464601 -0.88509 -0.0275799 158.289 0.885063 0.465137 -0.0176449 127.614 0.0284458 -0.0162121 0.999464 1.07732
0.468947 -0.882776 -0.0282059 158.591 0.882675 0.469544 -0.02034 128.182 0.0311995 -0.0153582 0.999395 1.08325
0.473984 -0.880108 -0.0273816 158.898 0.880007 0.474546 -0.0198238 128.746 0.0304409 -0.0146999 0.999429 1.09389
0.479381 -0.877169 -0.0277336 159.201 0.877112 0.479932 -0.0184389 129.306 0.0294843 -0.0154862 0.999445 1.09518
0.485179 -0.873939 -0.0288554 159.497 0.873934 0.485742 -0.017136 129.868 0.0289921 -0.0169037 0.999437 1.09996
0.491454 -0.870392 -0.0298448 159.8 0.870432 0.492027 -0.0160558 130.44 0.0286593 -0.0180872 0.999426 1.10112
0.498083 -0.866584 -0.0307412 160.114 0.866666 0.498662 -0.0149976 131.019 0.0283262 -0.0191723 0.999415 1.10097
0.504357 -0.863118 -0.0255286 160.421 0.863247 0.5047 -0.00907712 131.546 0.0207189 -0.0174594 0.999633 1.11289
0.511017 -0.859388 -0.0177394 160.787 0.859456 0.511176 -0.00576172 132.145 0.0140195 -0.0123019 0.999826 1.14116
0.516427 -0.856314 -0.00547584 161.134 0.856321 0.516441 -0.0015992 132.686 0.00419737 -0.00386321 0.999984 1.16343
0.521598 -0.853171 0.00590164 161.487 0.853184 0.52161 0.000442532 133.226 -0.00345591 0.00480436 0.999982 1.17112
0.526232 -0.850301 0.00827347 161.851 0.850334 0.526243 -0.000892893 133.789 -0.00359463 0.00750508 0.999965 1.16784
0.528034 -0.849205 0.00562464 162.181 0.849212 0.52805 0.00174437 134.308 -0.00445142 0.00385542 0.999983 1.14557
0.528243 -0.849079 0.00496718 162.522 0.849047 0.528266 0.00738315 134.854 -0.00889287 0.000317264 0.99996 1.13547
0.527376 -0.849628 0.00252074 162.905 0.849587 0.527376 0.00875709 135.472 -0.00876965 -0.0024767 0.999959 1.13117
0.526929 -0.849893 0.00528392 163.218 0.849738 0.526937 0.0168009 135.983 -0.0170632 -0.00436293 0.999845 1.1249
0.52678 -0.850001 -0.000705609 163.585 0.849844 0.526666 0.0196851 136.586 -0.0163607 -0.0109694 0.999806 1.10773
0.526159 -0.850318 -0.0107884 163.914 0.850321 0.525919 0.0190576 137.141 -0.0105312 -0.0192009 0.99976 1.0776
0.524689 -0.851103 -0.0180332 164.242 0.851293 0.524545 0.0123168 137.687 -0.00102362 -0.0218141 0.999762 1.05859
0.521635 -0.852898 -0.0214981 164.586 0.853088 0.521766 -0.000588983 138.259 0.0117193 -0.0180326 0.999769 1.06982
0.51808 -0.855125 -0.0188382 164.913 0.855266 0.518188 -0.000981837 138.809 0.0106013 -0.015603 0.999822 1.09136
0.514402 -0.857328 -0.0194612 165.237 0.857549 0.514239 0.0129949 139.393 -0.00113319 -0.0233735 0.999726 1.11007
0.510847 -0.859585 -0.0122204 165.598 0.859478 0.510378 0.0284917 140.039 -0.018254 -0.0250581 0.999519 1.12737
0.507469 -0.861669 0.00130996 165.944 0.860922 0.507091 0.040897 140.632 -0.035904 -0.0196262 0.999162 1.12915
0.502015 -0.864822 0.00802985 166.674 0.863924 0.501882 0.0418167 141.896 -0.0401941 -0.0140554 0.999093 1.09882
0.499636 -0.86623 0.00308011 167.012 0.865614 0.499409 0.0361028 142.498 -0.0328116 -0.0153721 0.999343 1.0701
