0.471606 -0.881709 0.0133209 1.02482 0.881804 0.471603 -0.00356733 1.53707 -0.00313684 0.0134288 0.999905 1.14496
0.469966 -0.882602 0.0120529 1.46458 0.88268 0.469964 -0.0031762 2.37624 -0.00286112 0.0121316 0.999922 1.15046
0.469284 -0.88296 0.0124066 1.8999 0.88304 0.469291 -0.00252084 3.17703 -0.00359653 0.0121385 0.99992 1.16259
0.468143 -0.883549 0.0135471 2.31998 0.88364 0.468163 -0.00183746 3.96974 -0.00471874 0.0128309 0.999907 1.16976
0.467052 -0.884104 0.0149325 2.72342 0.884213 0.467081 -0.00168757 4.75311 -0.00548271 0.0139917 0.999887 1.17702
0.46561 -0.884859 0.0152427 3.12821 0.884978 0.465625 -0.00276583 5.54975 -0.00465001 0.0147772 0.99988 1.17264
0.464669 -0.885361 0.0147443 3.54098 0.885476 0.464672 -0.00346697 6.35834 -0.00378174 0.0146667 0.999885 1.16809
0.463785 -0.885842 0.0137242 3.97074 0.885936 0.463803 -0.00204974 7.17626 -0.00454955 0.0131094 0.999904 1.18147
0.463969 -0.885764 0.0124444 4.39297 0.885815 0.464032 0.00256832 7.9982 -0.00804952 0.0098318 0.999919 1.18764
0.464779 -0.885319 0.0138256 4.81256 0.885345 0.464892 0.00633262 8.84633 -0.0120338 0.00929716 0.999884 1.17232
0.465896 -0.884696 0.015949 5.25495 0.884718 0.466055 0.008167 9.67512 -0.0146584 0.0103054 0.999839 1.17898
0.467152 -0.88399 0.01822 5.68743 0.884039 0.467344 0.0080506 10.4992 -0.0156317 0.0123464 0.999802 1.17052
0.468998 -0.882954 0.0208288 6.11902 0.883101 0.469167 0.00384381 11.3134 -0.0131661 0.0165912 0.999776 1.14578
0.470359 -0.882253 0.0197679 6.54591 0.882429 0.470446 -0.000330017 12.1548 -0.00900858 0.017599 0.999805 1.1548
0.471692 -0.881628 0.0154647 6.9774 0.881749 0.471713 -0.0025325 12.9815 -0.00506218 0.0148306 0.999877 1.16482
0.472709 -0.881139 0.0118318 7.43376 0.88121 0.472722 -0.00183288 13.8115 -0.00397813 0.0112927 0.999928 1.18436
0.472368 -0.881282 0.0144928 7.90236 0.881358 0.472445 0.00216115 14.6956 -0.00875162 0.0117525 0.999893 1.17771
0.471345 -0.881715 0.0202932 8.3706 0.881835 0.471529 0.00520087 15.5886 -0.0141545 0.0154438 0.999781 1.16162
0.469824 -0.882128 0.0334021 8.83933 0.882647 0.470032 -0.00182535 16.4187 -0.0140899 0.0303399 0.99944 1.15466
0.468404 -0.882686 0.0382481 9.29121 0.883436 0.468501 -0.00694526 17.2568 -0.0117888 0.0370429 0.999244 1.14007
0.467357 -0.883355 0.0355106 9.73602 0.884036 0.467308 -0.0101879 18.1018 -0.00759482 0.0361541 0.999317 1.12197
0.465139 -0.884913 0.0239891 10.646 0.885221 0.465124 -0.00653185 19.8575 -0.0053778 0.0242739 0.999691 1.15965
0.464128 -0.885444 0.0239703 11.1205 0.885725 0.464204 -0.00263485 20.7749 -0.00879411 0.022454 0.999709 1.15042
0.462818 -0.886137 0.0236886 11.5895 0.88638 0.462959 0.000522618 21.6901 -0.01143 0.0207552 0.999719 1.14837
0.462102 -0.886481 0.0247722 12.0489 0.88673 0.462284 0.00186044 22.5863 -0.013101 0.0211065 0.999691 1.14932
0.461723 -0.886639 0.0261314 12.4999 0.886896 0.461957 0.00341814 23.4719 -0.0151023 0.0215976 0.999653 1.15089
0.461386 -0.88681 0.0262804 12.9445 0.887028 0.461676 0.00596353 24.3541 -0.0174216 0.02056 0.999637 1.144
0.461341 -0.886805 0.0272151 13.3861 0.887039 0.461653 0.0062079 25.2271 -0.0180692 0.0212769 0.99961 1.13746
0.461276 -0.886813 0.0280507 13.8404 0.887094 0.461566 0.00455118 26.1068 -0.0169833 0.0227843 0.999596 1.12911
0.461488 -0.886769 0.0258643 14.3145 0.887026 0.461709 0.00300155 27.0108 -0.0146034 0.0215571 0.999661 1.1195
0.461161 -0.886995 0.0238872 14.7868 0.887218 0.461343 0.00245897 27.9342 -0.0132013 0.0200592 0.999712 1.11439
0.459285 -0.887808 0.0292356 15.7147 0.888153 0.459542 0.00237926 29.7723 -0.0155473 0.024873 0.99957 1.10174
0.458725 -0.888039 0.0309536 16.1846 0.888452 0.458969 0.000863051 30.673 -0.0149732 0.0271049 0.99952 1.09315
0.457978 -0.888648 0.0236819 16.6199 0.888907 0.458088 -0.00086864 31.5635 -0.0100765 0.0214488 0.999719 1.10755
0.457796 -0.888881 0.01769 17.0625 0.889031 0.457845 -0.00145019 32.4371 -0.00681023 0.0163909 0.999842 1.12261
0.457557 -0.889038 0.0159252 17.5179 0.889153 0.457611 -0.000321674 33.3097 -0.00700157 0.0143071 0.999873 1.12243
0.457416 -0.888998 0.0212624 17.9759 0.889182 0.457551 0.00170779 34.19 -0.0112469 0.0181249 0.999772 1.13115
0.457127 -0.889026 0.0258171 18.4245 0.889283 0.457347 0.00303897 35.076 -0.0145091 0.0215695 0.999662 1.11859
0.456618 -0.889208 0.0284461 18.8589 0.889547 0.456841 0.00156164 35.9317 -0.014384 0.0245911 0.999594 1.10398
0.456439 -0.889269 0.0294013 19.3114 0.889658 0.456628 -0.000336827 36.7962 -0.0131259 0.0263108 0.999568 1.11503
0.455439 -0.889805 0.0286759 19.7602 0.890178 0.455613 -0.000514212 37.672 -0.0126076 0.0257609 0.999589 1.12472
0.454649 -0.890118 0.0313615 20.1787 0.89055 0.454886 0.000467447 38.5464 -0.014682 0.0277165 0.999508 1.12166
0.453638 -0.890454 0.0361194 20.617 0.89098 0.454031 0.00308684 39.3976 -0.019148 0.0307814 0.999343 1.13308
0.452902 -0.890693 0.0393103 21.0494 0.891258 0.453456 0.00603912 40.2498 -0.0232045 0.0323005 0.999209 1.12272
0.452065 -0.891127 0.0391082 21.4763 0.891695 0.452601 0.00566157 41.0982 -0.0227456 0.0323132 0.999219 1.0858
0.451012 -0.89178 0.03627 21.884 0.892379 0.451286 -0.000695573 41.9339 -0.0157478 0.0326803 0.999342 1.06325
0.450152 -0.892382 0.031888 22.289 0.892902 0.450217 -0.00550958 42.7617 -0.00943987 0.030953 0.999476 1.08439
0.449023 -0.893193 0.0241899 22.6999 0.893496 0.449046 -0.00478194 43.6005 -0.00659119 0.0237608 0.999696 1.10292
0.448258 -0.893713 0.0184736 23.1138 0.893868 0.448331 -0.000226826 44.4322 -0.00807955 0.0166146 0.999829 1.11513
0.445812 -0.894844 0.0224828 23.8872 0.895055 0.445953 0.00143292 46.0025 -0.0113085 0.0194845 0.999746 1.10091
0.444638 -0.895445 0.0217956 24.2525 0.895633 0.444789 0.00237257 46.75 -0.0118189 0.0184659 0.99976 1.10224
0.44318 -0.896187 0.0209816 24.6207 0.896348 0.443338 0.00335682 47.5086 -0.0123103 0.0173191 0.999774 1.10498
0.441975 -0.896806 0.0199034 25.0025 0.896935 0.442139 0.00450774 48.2718 -0.0128427 0.0158598 0.999792 1.10459
0.440929 -0.897306 0.0205854 25.3611 0.897445 0.441103 0.00462447 49.0137 -0.0132299 0.0164352 0.999777 1.1028
0.439879 -0.89783 0.0202028 25.7121 0.897933 0.44008 0.00670473 49.7504 -0.0149106 0.0151915 0.999773 1.10719
0.438479 -0.898549 0.0185933 26.0593 0.898562 0.438711 0.0108926 50.4758 -0.0179446 0.0119311 0.999768 1.11486
0.436882 -0.899342 0.017825 26.398 0.899275 0.437139 0.014624 51.1819 -0.020944 0.00964064 0.999734 1.1173
0.435434 -0.900038 0.0181247 26.7333 0.900001 0.435684 0.0133473 51.8711 -0.0199098 0.0105004 0.999747 1.10275
0.434448 -0.900514 0.0181302 27.0119 0.90061 0.434598 0.00513148 52.5 -0.0125003 0.0140989 0.999822 1.08525
0.433211 -0.90115 0.0160088 27.2948 0.901276 0.433243 -0.00160998 53.1402 -0.00548487 0.0151258 0.999871 1.09324
0.432681 -0.901491 0.010009 27.5893 0.901543 0.432684 -0.00196862 53.7712 -0.00255603 0.0098753 0.999948 1.12356
0.432085 -0.901818 0.00519893 27.8959 0.901823 0.4321 0.00235113 54.3999 -0.00436675 0.00367262 0.999984 1.13934
0.430827 -0.902421 0.00484742 28.1931 0.902403 0.430851 0.00598793 55.0332 -0.00749215 0.00179457 0.99997 1.14751
0.4298 -0.902868 0.0100457 28.4835 0.902898 0.429845 0.00277949 55.6133 -0.00682763 0.00787567 0.999946 1.12942
0.429769 -0.902805 0.015541 28.7532 0.902934 0.429761 -0.00406105 56.163 -0.00301258 0.0157778 0.999871 1.12415
0.430709 -0.902314 0.0178782 29.0112 0.90249 0.430597 -0.00990514 56.7009 0.00123927 0.0204011 0.999791 1.12692
0.433029 -0.901253 0.0151557 29.2572 0.901375 0.432911 -0.010519 57.2367 0.00291918 0.018216 0.99983 1.14564
0.436582 -0.899604 0.0103726 29.4938 0.899664 0.436543 -0.00594073 57.7629 0.000816247 0.0119254 0.999929 1.15334
0.441047 -0.897449 0.00796652 29.7412 0.897481 0.441051 -0.00137143 58.2525 -0.00228285 0.00775467 0.999967 1.15585
0.44537 -0.895286 0.010437 30.0016 0.895323 0.445413 0.00206045 58.7163 -0.00649345 0.0084268 0.999943 1.18459
0.452011 -0.891861 0.0164172 30.2634 0.891949 0.452121 0.00358452 59.2061 -0.0106194 0.013023 0.999859 1.18999
0.46111 -0.887104 0.0206076 30.4881 0.887249 0.461275 0.00385264 59.6909 -0.0129235 0.0165076 0.99978 1.16049
0.473274 -0.8807 0.0194851 30.7524 0.880809 0.473444 0.00503243 60.1587 -0.0136572 0.0147809 0.999797 1.13535
0.488752 -0.87229 0.0152107 31.0063 0.872312 0.488894 0.00742143 60.6026 -0.01391 0.00964121 0.999857 1.13041
0.508631 -0.860906 0.0116075 31.2688 0.860872 0.508736 0.00931535 60.935 -0.0139248 0.00525453 0.999889 1.17255
0.529574 -0.848194 0.0108499 31.5478 0.848142 0.529671 0.0101865 61.2788 -0.014387 0.00380773 0.999889 1.2023
0.55418 -0.832265 0.0148002 31.8359 0.832223 0.55434 0.0105734 61.6506 -0.0170042 0.00645749 0.999835 1.18757
0.580472 -0.814053 0.0192401 32.1129 0.814034 0.580716 0.010887 62.0396 -0.0200356 0.00934247 0.999756 1.16221
0.60864 -0.79312 0.0227834 32.4043 0.793134 0.608955 0.0106016 62.4079 -0.0222824 0.0116177 0.999684 1.13908
0.639573 -0.768337 0.0246096 32.6998 0.76836 0.639931 0.0105742 62.7476 -0.023873 0.0121461 0.999641 1.1151
0.714224 -0.699584 0.0215935 33.3021 0.699518 0.714519 0.0117462 63.3194 -0.0236464 0.00671563 0.999698 1.13015
0.751491 -0.659465 0.0191521 33.6101 0.659381 0.751724 0.0113289 63.5502 -0.0218681 0.00411494 0.999752 1.15086
0.788041 -0.615368 0.0176989 33.9227 0.615273 0.788237 0.011 63.7657 -0.02072 0.00222121 0.999783 1.15352
0.823991 -0.566335 0.0174196 34.2726 0.566229 0.824175 0.0109772 63.9882 -0.0205735 0.00081835 0.999788 1.13694
0.889244 -0.457133 0.016606 34.9719 0.457059 0.889399 0.00821173 64.343 -0.0185232 0.000287671 0.999828 1.108
0.917523 -0.397276 0.0179781 35.284 0.397232 0.917698 0.00614269 64.4419 -0.0189388 0.00150541 0.999819 1.10081
0.941744 -0.335714 0.0203504 35.6189 0.33568 0.941962 0.00515534 64.5153 -0.0209 0.00197621 0.99978 1.09277
0.961664 -0.273238 0.0233039 35.9658 0.273146 0.961946 0.0071252 64.5715 -0.024364 -0.000486676 0.999703 1.07321
0.977329 -0.210203 0.0253575 36.329 0.210043 0.977652 0.00883942 64.5971 -0.0266489 -0.00331284 0.999639 1.04733
0.988997 -0.145703 0.0256059 36.7058 0.145562 0.989322 0.00728186 64.5848 -0.0263935 -0.0034745 0.999646 1.0209
0.996593 -0.0787997 0.0243739 37.042 0.0787348 0.996889 0.0036135 64.5795 -0.0245828 -0.00168211 0.999696 1.01407
0.999448 -0.0226577 0.024295 37.4761 0.0225719 0.999738 0.00380346 64.6987 -0.0243748 -0.00325298 0.999698 1.02917
0.99924 0.0313847 0.0231206 37.9048 -0.0315727 0.999471 0.0078143 64.8554 -0.0228632 -0.00853834 0.999702 1.00957
0.996285 0.0834174 0.0214126 38.3618 -0.0836674 0.996432 0.0110536 64.9813 -0.0204141 -0.012804 0.99971 0.972351
0.991695 0.127249 0.0186515 38.7231 -0.127354 0.991847 0.00452429 64.9429 -0.0179237 -0.00686206 0.999816 0.904678
0.985237 0.170245 0.0180283 39.1287 -0.170238 0.985401 -0.00193802 64.8542 -0.018095 -0.0011597 0.999836 0.851686
0.977949 0.207937 0.0194353 39.5043 -0.207853 0.97814 -0.0062469 64.7658 -0.0203094 0.00206947 0.999792 0.823596
0.970343 0.240766 0.0215994 39.8516 -0.24069 0.970583 -0.00608479 64.6718 -0.0224291 0.000705567 0.999748 0.869952
0.96238 0.27077 0.0225501 40.1877 -0.270797 0.962635 -0.00192499 64.5349 -0.0222288 -0.00425394 0.999744 0.944814
0.954539 0.297368 0.020677 40.5231 -0.297481 0.954724 0.00253852 64.3318 -0.0189859 -0.00857411 0.999783 0.97123
0.946699 0.321661 0.0172005 40.8356 -0.321774 0.946808 0.00417733 64.1008 -0.0149419 -0.00948934 0.999843 0.987553
0.938883 0.344005 0.0126236 41.1887 -0.344043 0.938954 0.000907023 63.8631 -0.011541 -0.00519465 0.99992 0.984688
0.931411 0.363911 0.0065544 41.5665 -0.363895 0.931433 -0.00348779 63.6687 -0.00737423 0.000863449 0.999972 0.956435
0.924415 0.381387 0.000428109 41.9991 -0.381385 0.924412 -0.00266542 63.5396 -0.00141231 0.00230068 0.999996 0.968747
0.917205 0.398413 -0.00172935 42.445 -0.398412 0.917206 0.000767671 63.389 0.00189202 -1.51189e-05 0.999998 1.00715
0.904705 0.425984 0.00688586 43.2932 -0.426009 0.904714 0.00278004 62.9912 -0.00504549 -0.00544856 0.999972 1.00092
0.89923 0.437344 0.0107924 43.7075 -0.437381 0.899276 0.00122579 62.7549 -0.00916928 -0.00582267 0.999941 0.957163
0.893918 0.448162 0.00781679 44.1619 -0.448143 0.893952 -0.00411001 62.515 -0.00882979 0.000170966 0.999961 0.959022
0.888743 0.458373 0.00550082 44.6488 -0.458331 0.88875 -0.00746611 62.2653 -0.00831112 0.00411426 0.999957 0.951426
0.884323 0.466861 0.00373525 45.1287 -0.466817 0.88431 -0.00885111 62.0185 -0.00743536 0.00608356 0.999954 0.954188
0.881315 0.472508 0.0044429 45.6044 -0.472473 0.881317 -0.00708661 61.7666 -0.00726408 0.00414638 0.999965 0.941687
0.879571 0.475731 0.0058517 46.0934 -0.475714 0.87959 -0.00412775 61.4946 -0.0071108 0.000846911 0.999974 0.903578
0.876935 0.480544 0.00787839 46.5863 -0.480553 0.876966 -0.00084736 61.1971 -0.00731627 -0.0030429 0.999969 0.878342
0.874615 0.484745 0.00840669 47.0992 -0.484758 0.874648 -0.000537702 60.8954 -0.00761355 -0.00360493 0.999964 0.851582
0.872912 0.487793 0.00910851 47.6663 -0.487827 0.872938 0.00177917 60.5837 -0.0070833 -0.00599644 0.999957 0.830846
0.870307 0.49237 0.0117766 48.8073 -0.49245 0.870325 0.00520063 59.9347 -0.00768881 -0.0103255 0.999917 0.785644
0.86965 0.493517 0.0122529 49.3957 -0.493601 0.869674 0.00499629 59.6154 -0.00819026 -0.0103931 0.999913 0.751803
0.869941 0.493015 0.0118076 49.9919 -0.493075 0.869982 0.00269361 59.2813 -0.00894437 -0.0081653 0.999927 0.71753
0.87146 0.490363 0.0100431 50.6239 -0.490381 0.871508 -0.000839278 58.9401 -0.00916422 -0.00419356 0.999949 0.694471
0.873239 0.487225 0.00803773 51.2717 -0.487195 0.873276 -0.00550212 58.5955 -0.00969993 0.000888731 0.999953 0.681345
0.87543 0.483309 0.00584234 51.9208 -0.483246 0.875432 -0.00957448 58.2412 -0.00974201 0.0055585 0.999937 0.681418
0.877745 0.479103 0.00487051 52.5825 -0.479015 0.877714 -0.0128024 57.876 -0.0104086 0.00890422 0.999906 0.695055
0.879698 0.475501 0.00549675 53.2439 -0.475379 0.879649 -0.0152165 57.5045 -0.0120707 0.0107729 0.999869 0.703699
0.881174 0.472708 0.00890931 53.9236 -0.472606 0.8812 -0.0114201 57.1373 -0.0132493 0.00585254 0.999895 0.66289
0.883158 0.468882 0.0134914 54.6531 -0.468857 0.883259 -0.00518743 56.7895 -0.0143487 -0.00174423 0.999896 0.621599
0.885206 0.46495 0.0152147 55.3661 -0.464962 0.885326 -0.00295256 56.4178 -0.0148428 -0.00446065 0.99988 0.573289
0.886778 0.461984 0.0139702 56.0919 -0.461971 0.886885 -0.00434651 56.0412 -0.014398 -0.00259942 0.999893 0.537611
0.887024 0.461598 0.0107891 56.8046 -0.461589 0.887087 -0.00347394 55.6374 -0.0111744 -0.00189865 0.999936 0.562755
0.887273 0.46117 0.00827596 57.5527 -0.461196 0.887297 0.00135082 55.262 -0.00672028 -0.00501538 0.999965 0.570101
0.887076 0.461532 0.00921275 58.3021 -0.4616 0.887057 0.0074985 54.8939 -0.00471144 -0.0109043 0.999929 0.594442
0.886812 0.461989 0.0114626 59.0472 -0.462105 0.886752 0.0113927 54.5188 -0.00490118 -0.0154001 0.999869 0.608573
0.887016 0.461481 0.0154534 59.7412 -0.461667 0.886971 0.0120443 54.1303 -0.00814848 -0.0178178 0.999808 0.60735
0.887106 0.461214 0.0180198 60.4487 -0.461447 0.887086 0.0119916 53.7444 -0.0104544 -0.018953 0.999766 0.600447
0.886859 0.461626 0.0195616 61.9266 -0.461887 0.88686 0.0118296 53.0026 -0.0118876 -0.0195265 0.999739 0.554575
0.886616 0.462126 0.018765 62.6615 -0.462381 0.886591 0.012665 52.6393 -0.010784 -0.0199056 0.999744 0.534207
0.885657 0.463886 0.0205268 63.4001 -0.464232 0.885539 0.0176023 52.2846 -0.0100118 -0.0251188 0.999634 0.521845
0.883986 0.466891 0.0241327 64.1461 -0.467405 0.883716 0.0240411 51.9353 -0.0101019 -0.0325317 0.99942 0.527484
0.881636 0.471085 0.0282457 64.8805 -0.471773 0.881307 0.026986 51.5838 -0.0121804 -0.0371174 0.999237 0.56843
0.878415 0.476977 0.0296586 65.5917 -0.477666 0.87823 0.0233902 51.2055 -0.0148906 -0.0347132 0.999286 0.573097
0.874669 0.483694 0.0315234 66.3035 -0.484395 0.874613 0.0203298 50.8301 -0.0177374 -0.0330516 0.999296 0.555363
0.87015 0.491761 0.0317843 67.0209 -0.492433 0.870159 0.0182511 50.4467 -0.0186823 -0.0315328 0.999328 0.535526
0.864793 0.501133 0.0316137 67.7262 -0.501807 0.864777 0.0186922 50.0529 -0.0179715 -0.0320289 0.999325 0.515964
0.859311 0.510464 0.0317984 68.412 -0.511171 0.85924 0.0202562 49.6479 -0.0169824 -0.0336608 0.999289 0.509983
0.853818 0.51957 0.0322802 69.1045 -0.52032 0.85369 0.0218979 49.2305 -0.0161798 -0.0354929 0.999239 0.509385
0.847725 0.529349 0.0339318 69.7784 -0.530171 0.847588 0.022658 48.7763 -0.0167662 -0.0371974 0.999167 0.530771
0.841486 0.53922 0.0338065 70.454 -0.540003 0.841408 0.0207083 48.3268 -0.0172787 -0.0356813 0.999214 0.541252
0.83522 0.548968 0.0322809 71.1171 -0.549639 0.835223 0.0173056 47.8825 -0.0174615 -0.0321969 0.999329 0.542021
0.829276 0.557986 0.0308905 71.7623 -0.558573 0.829321 0.0149334 47.4455 -0.0172855 -0.0296385 0.999411 0.521302
0.823641 0.566267 0.0309591 72.4093 -0.566868 0.82366 0.0156497 47.0205 -0.0166379 -0.0304394 0.999398 0.510513
0.817972 0.574412 0.0311962 73.0386 -0.57505 0.817931 0.0174876 46.6187 -0.0154713 -0.0322437 0.99936 0.484199
0.812502 0.582086 0.0318954 73.6549 -0.582792 0.812362 0.0205325 46.2128 -0.0139589 -0.0352711 0.99928 0.464938
0.806715 0.590039 0.0326403 74.2466 -0.590796 0.806509 0.0224272 45.7779 -0.0130918 -0.0373761 0.999215 0.469778
0.801422 0.597166 0.0334069 74.8348 -0.597968 0.801167 0.0238079 45.3245 -0.0125472 -0.0390564 0.999158 0.470946
0.796374 0.603944 0.03224 75.4257 -0.604664 0.796206 0.0209349 44.8687 -0.0130261 -0.0361664 0.999261 0.48303
0.792553 0.608978 0.031709 76.0198 -0.609631 0.792493 0.0174635 44.4353 -0.0144943 -0.0331715 0.999345 0.47417
0.790341 0.611845 0.0317248 76.5807 -0.612423 0.790428 0.0127185 43.9999 -0.0172944 -0.0294809 0.999416 0.443293
0.788285 0.614517 0.03122 77.1323 -0.615004 0.788478 0.00850006 43.5592 -0.0193929 -0.0259009 0.999476 0.426833
0.786833 0.616381 0.031109 77.6859 -0.616814 0.787086 0.00594387 43.1318 -0.0208218 -0.0238653 0.999498 0.42536
0.785935 0.617594 0.0297454 78.229 -0.617962 0.786196 0.00431932 42.7046 -0.0207181 -0.0217762 0.999548 0.417296
0.786267 0.61735 0.0257446 78.7579 -0.617602 0.786487 0.00241405 42.3086 -0.0187575 -0.017798 0.999666 0.426886
0.787386 0.616063 0.0221238 79.2538 -0.616224 0.787571 0.000560536 41.9209 -0.0170788 -0.0140746 0.999755 0.438007
0.789819 0.61306 0.0185251 79.7478 -0.613135 0.789976 -0.00200123 41.546 -0.0158612 -0.00977776 0.999826 0.438739
0.794328 0.607265 0.0165142 80.2197 -0.607312 0.794459 -0.00253342 41.1963 -0.0146583 -0.00801693 0.99986 0.449558
0.801435 0.597934 0.0133253 80.6578 -0.59793 0.801534 -0.00472256 40.872 -0.0135045 -0.00418277 0.9999 0.484812
0.809444 0.587135 0.00852822 81.0873 -0.587067 0.809485 -0.00931789 40.5402 -0.0123743 0.00253568 0.99992 0.51642
0.819834 0.572592 -0.00333593 81.5103 -0.572529 0.819623 -0.0206784 40.2266 -0.00910608 0.0188628 0.999781 0.617633
0.831484 0.55548 -0.00872632 81.9293 -0.555522 0.831189 -0.022802 39.9507 -0.00541285 0.0238072 0.999702 0.646369
0.843619 0.536839 -0.0105374 82.3705 -0.536936 0.843358 -0.0211504 39.6892 -0.00246758 0.0235008 0.999721 0.664258
0.856874 0.515437 -0.00955632 82.8396 -0.515525 0.85671 -0.0167658 39.4381 -0.000454694 0.0192927 0.999814 0.691043
0.871418 0.490481 -0.00770177 83.3396 -0.490541 0.871329 -0.0124528 39.2044 0.000602944 0.0146296 0.999893 0.723752
0.887596 0.460579 -0.00634129 83.8377 -0.460621 0.88754 -0.0100261 38.9964 0.00101033 0.0118201 0.99993 0.744142
0.905741 0.423805 -0.00467777 84.329 -0.423831 0.905685 -0.0100916 38.8304 -4.02946e-05 0.011123 0.999938 0.751506
0.926331 0.376709 0.00109274 84.7485 -0.376659 0.926248 -0.0138917 38.6441 -0.00624528 0.0124567 0.999903 0.707005
0.94441 0.328702 0.00671222 85.1758 -0.328598 0.944379 -0.0130907 38.5297 -0.0106418 0.0101574 0.999892 0.731497
0.960071 0.279601 0.00937603 85.6721 -0.279481 0.960072 -0.0123661 38.4572 -0.0124592 0.0092519 0.99988 0.745152
0.973655 0.22782 0.009719 86.1684 -0.227693 0.973651 -0.0125915 38.4002 -0.0123315 0.0100468 0.999874 0.754253
0.985617 0.168878 0.00633974 86.6731 -0.168771 0.985546 -0.014708 38.3704 -0.00873195 0.0134265 0.999872 0.730135
0.994872 0.101133 0.00157796 87.1565 -0.101092 0.994732 -0.0169619 38.364 -0.00328507 0.0167154 0.999855 0.750835
0.999475 0.032311 -0.00256043 87.631 -0.0323533 0.999302 -0.0186877 38.3979 0.00195482 0.0187608 0.999822 0.772043
0.999263 -0.0379296 -0.0059712 88.0845 0.0378162 0.999121 -0.0180799 38.4415 0.00665172 0.0178407 0.999819 0.794329
0.99406 -0.108458 -0.00908337 88.5488 0.108291 0.993971 -0.0171845 38.5059 0.0108924 0.0160988 0.999811 0.819239
0.983798 -0.178928 -0.0112697 89.0253 0.178719 0.983746 -0.0174154 38.6261 0.0142026 0.0151191 0.999785 0.821741
0.96868 -0.248027 -0.0119415 89.4897 0.247782 0.968632 -0.018887 38.7718 0.0162514 0.0153366 0.99975 0.816112
0.949047 -0.31499 -0.00957573 89.9343 0.314778 0.948978 -0.0188417 38.9504 0.0150221 0.0148674 0.999777 0.801255
0.92508 -0.379745 -0.00453909 90.3789 0.379622 0.924984 -0.0170738 39.1666 0.0106823 0.0140715 0.999844 0.792889
0.897252 -0.441514 0.00212151 90.8145 0.441503 0.89717 -0.0127068 39.4261 0.00370689 0.0123379 0.999917 0.791275
0.866675 -0.498813 0.00768723 91.2245 0.498868 0.866632 -0.00894907 39.6874 -0.00219808 0.0115908 0.99993 0.80591
0.83491 -0.550248 0.0123575 91.5649 0.550318 0.83495 -0.00296804 39.9402 -0.0086847 0.00927858 0.999919 0.864904
0.80361 -0.594986 0.0142104 91.8947 0.59502 0.803708 0.00215214 40.1718 -0.0127015 0.00672598 0.999897 0.934076
0.780324 -0.625269 0.011557 92.2783 0.625231 0.780407 0.00707827 40.4527 -0.013445 0.00170246 0.999908 0.941588
0.757336 -0.652979 0.00779994 92.6565 0.652911 0.757373 0.00963659 40.7327 -0.0121999 -0.00220547 0.999923 0.948439
0.736075 -0.676868 0.00652872 92.9795 0.676822 0.736102 0.0081066 41.0372 -0.0102929 -0.00154828 0.999946 0.929193
0.718257 -0.695744 0.0068861 93.3189 0.695719 0.718289 0.00591013 41.3368 -0.00905816 0.000545801 0.999959 0.922653
0.709961 -0.704152 0.0111922 93.6753 0.704124 0.710043 0.00692596 41.6538 -0.0128239 0.00296356 0.999913 1.01068
0.702669 -0.711423 0.0115839 94.0376 0.711365 0.702762 0.00923883 41.9845 -0.0147135 0.00174856 0.99989 1.083
0.695977 -0.718031 0.00686703 94.3756 0.717936 0.696002 0.0121968 42.408 -0.0135372 -0.00355862 0.999902 1.05956
0.690755 -0.723084 0.00268927 94.7074 0.722989 0.690716 0.0141188 42.8026 -0.0120666 -0.0078083 0.999897 1.0554
0.687755 -0.725941 -0.00151888 95.0445 0.72589 0.687678 0.0134689 43.1909 -0.00873317 -0.0103659 0.999908 1.05387
0.686493 -0.727129 -0.00336876 95.4285 0.727115 0.686429 0.0108765 43.5934 -0.00559622 -0.00991614 0.999935 1.09903
0.688099 -0.72561 -0.00303235 95.7799 0.725611 0.688071 0.00693232 43.9611 -0.00294369 -0.00697043 0.999971 1.13243
0.691385 -0.722482 -0.00255647 96.1545 0.722486 0.691384 0.00138512 44.3619 0.000766782 -0.00280467 0.999996 1.14223
0.694831 -0.719162 -0.00400634 96.5723 0.719157 0.694842 -0.00274623 44.7858 0.00475876 -0.000973026 0.999988 1.14367
0.698096 -0.715964 -0.00761392 96.9807 0.715972 0.698126 -0.00206002 45.222 0.00679038 -0.00401326 0.999969 1.14673
0.701822 -0.712247 -0.0122817 97.4138 0.712332 0.701828 0.00453341 45.674 0.00539071 -0.0119303 0.999914 1.132
0.705234 -0.708857 -0.0129514 97.8507 0.708972 0.705164 0.0100993 46.1098 0.00197394 -0.0163045 0.999865 1.14171
0.708673 -0.70544 -0.011732 98.3043 0.705528 0.708478 0.016986 46.5575 -0.00367072 -0.0203147 0.999787 1.13899
0.712236 -0.701886 -0.00870899 98.7405 0.701859 0.711911 0.0240212 47.0035 -0.0106601 -0.0232212 0.999674 1.11487
0.714868 -0.699246 -0.00437297 99.1842 0.699104 0.714562 0.0255685 47.4162 -0.0147539 -0.0213352 0.999663 1.10499
0.714787 -0.699338 0.00248298 99.6823 0.699236 0.714736 0.0148995 47.924 -0.0121945 -0.0089138 0.999886 1.11806
0.714543 -0.699584 0.00323715 100.178 0.699564 0.714548 0.00555954 48.3931 -0.00620247 -0.00170793 0.999979 1.15295
0.714179 -0.699941 -0.00555838 100.663 0.699962 0.714171 0.00369931 48.8757 0.00138034 -0.00653263 0.999978 1.12615
0.712553 -0.701513 -0.0121518 101.155 0.70159 0.712572 0.00341428 49.3652 0.00626388 -0.0109585 0.99992 1.12593
0.710763 -0.703248 -0.0160653 101.641 0.70341 0.710735 0.00838558 49.8634 0.00552102 -0.0172607 0.999836 1.1214
0.708979 -0.705051 -0.0158608 102.131 0.705229 0.70878 0.0168015 50.3519 -0.000604103 -0.0230974 0.999733 1.10495
0.707442 -0.706721 -0.00844102 102.678 0.706714 0.707184 0.0211122 50.8989 -0.00895106 -0.020901 0.999741 1.1289
0.705415 -0.708785 -0.00357332 103.199 0.708692 0.705219 0.020514 51.4137 -0.0120201 -0.0170033 0.999783 1.13823
0.704222 -0.709973 -0.00311764 103.7 0.70993 0.704113 0.0149646 51.9446 -0.00842928 -0.0127517 0.999883 1.16437
0.702033 -0.712108 -0.00712332 104.221 0.712141 0.701966 0.00992749 52.5065 -0.00206911 -0.0120422 0.999925 1.16669
0.699865 -0.714122 -0.0147775 104.76 0.714272 0.699768 0.0118072 53.078 0.00190903 -0.0188186 0.999821 1.1362
0.696561 -0.71733 -0.0154896 105.334 0.717496 0.696448 0.0126369 53.6369 0.00172289 -0.0199161 0.9998 1.15382
0.693622 -0.720233 -0.0123745 105.916 0.720339 0.693514 0.0122348 54.2152 -0.000230024 -0.0174001 0.999848 1.15214
0.690064 -0.723733 -0.00477184 107.043 0.723713 0.68995 0.0144453 55.3982 -0.00716219 -0.0134216 0.999884 1.17195
0.689533 -0.724254 -0.00091091 107.618 0.724199 0.689464 0.0132484 55.9977 -0.00896719 -0.00979492 0.999912 1.18786
0.689869 -0.723931 -0.00189194 108.191 0.723868 0.689769 0.015326 56.6068 -0.00978999 -0.0119425 0.999881 1.15828
0.690295 -0.723521 -0.00324311 108.756 0.723472 0.690179 0.0155448 57.2143 -0.00900866 -0.0130768 0.999874 1.15704
0.690636 -0.723159 -0.0079754 109.312 0.723175 0.69047 0.0164231 57.8237 -0.00636971 -0.01711 0.999833 1.16513
0.691262 -0.722461 -0.0143711 109.891 0.722591 0.690992 0.0198096 58.4577 -0.00438141 -0.024078 0.9997 1.15599
0.692388 -0.721227 -0.0207764 110.469 0.721515 0.691936 0.0252925 59.0771 -0.0038657 -0.0325027 0.999464 1.15024
0.694229 -0.719336 -0.0245271 111.054 0.719733 0.693547 0.0312638 59.6991 -0.00547844 -0.0393572 0.99921 1.12829
0.697054 -0.716611 -0.0241491 111.632 0.716995 0.696365 0.0315416 60.3295 -0.00578648 -0.039301 0.999211 1.14739
0.699032 -0.71468 -0.0242087 112.226 0.715073 0.698381 0.0305579 60.9696 -0.00493222 -0.038672 0.99924 1.1602
0.700271 -0.713591 -0.0202329 112.853 0.713863 0.699797 0.0261482 61.5992 -0.00450024 -0.0327544 0.999453 1.17001
0.700468 -0.713495 -0.0164195 113.479 0.713671 0.700128 0.0222338 62.2187 -0.00436793 -0.0272922 0.999618 1.17458
0.700663 -0.71333 -0.0152159 114.1 0.713477 0.700347 0.0215652 62.8444 -0.00472672 -0.0259662 0.999652 1.18243
0.701927 -0.712082 -0.0154305 114.705 0.712215 0.701517 0.0249906 63.4673 -0.00697063 -0.0285314 0.999569 1.18086
0.702865 -0.711153 -0.0155821 115.31 0.711211 0.702196 0.0331688 64.0841 -0.0126464 -0.0343954 0.999328 1.17037
0.703773 -0.710247 -0.0159189 115.899 0.710217 0.702848 0.0399625 64.7036 -0.0171946 -0.0394304 0.999074 1.15999
0.704096 -0.709941 -0.0152245 116.487 0.709937 0.703303 0.0368139 65.306 -0.0154283 -0.036729 0.999206 1.15034
0.70454 -0.709431 -0.0181993 117.065 0.709658 0.704194 0.0222786 65.8729 -0.0029893 -0.0286115 0.999586 1.12945
0.703938 -0.709895 -0.0228032 117.654 0.710206 0.70392 0.0101468 66.4709 0.00884843 -0.0233377 0.999688 1.17219
0.703144 -0.710625 -0.0245277 118.295 0.710993 0.7031 0.0118235 67.0853 0.00884332 -0.0257526 0.999629 1.17129
0.702737 -0.711232 -0.0176043 118.906 0.711449 0.702502 0.0181839 67.6958 -0.000565868 -0.025303 0.99968 1.15569
0.701219 -0.712943 -0.00224867 119.508 0.712654 0.700838 0.0308203 68.3577 -0.0203972 -0.0232143 0.999522 1.14676
0.700184 -0.71396 0.00183049 120.073 0.713415 0.699745 0.0373621 68.9277 -0.0279559 -0.0248544 0.9993 1.15186
0.699326 -0.714771 -0.00681857 120.605 0.714505 0.698727 0.0355527 69.5078 -0.0206477 -0.0297348 0.999345 1.13252
0.698733 -0.715197 -0.0162827 121.17 0.715345 0.698285 0.0260574 70.0786 -0.00726621 -0.029855 0.999528 1.12319
0.697314 -0.716476 -0.0203835 121.758 0.716766 0.697026 0.0200452 70.6838 -0.000154025 -0.028588 0.999591 1.15062
0.695383 -0.718405 -0.0183361 122.357 0.718636 0.695221 0.0151371 71.3085 0.00187311 -0.0237031 0.999717 1.18134
0.692586 -0.721244 -0.0114976 122.903 0.721328 0.692415 0.0157286 71.9036 -0.00338302 -0.019187 0.99981 1.17666
0.689701 -0.724038 -0.0089784 123.462 0.724072 0.68953 0.0163836 72.5076 -0.00567147 -0.0178008 0.999825 1.1711
0.687138 -0.726401 -0.0135643 124.011 0.726506 0.686853 0.0205585 73.0971 -0.00561702 -0.0239811 0.999697 1.1608
0.684881 -0.728421 -0.0184584 124.571 0.728641 0.68449 0.0235805 73.7419 -0.00454191 -0.0295994 0.999552 1.18037
0.683514 -0.729664 -0.0199688 125.127 0.729919 0.683048 0.0257705 74.3395 -0.00516415 -0.03219 0.999468 1.18472
0.682212 -0.730893 -0.0195466 125.682 0.731112 0.681642 0.028966 74.9388 -0.0078473 -0.0340517 0.999389 1.17065
0.681613 -0.731493 -0.0179078 126.235 0.731648 0.681024 0.0299515 75.5056 -0.00971369 -0.0335175 0.999391 1.18099
0.680085 -0.732951 -0.0163311 126.788 0.733082 0.679604 0.0270016 76.0941 -0.00869214 -0.0303354 0.999502 1.19455
0.677165 -0.735682 -0.0147839 127.328 0.735814 0.676875 0.0204566 76.692 -0.00504269 -0.0247307 0.999681 1.21233
0.672445 -0.739999 -0.0147718 127.839 0.740145 0.67227 0.0154064 77.299 -0.00147007 -0.0212932 0.999772 1.22703
0.666128 -0.745696 -0.0145396 128.364 0.745828 0.665895 0.0180119 77.931 -0.00374959 -0.0228423 0.999732 1.20302
0.660941 -0.750365 -0.0104308 128.894 0.750365 0.66062 0.0230951 78.5283 -0.010439 -0.0230914 0.999679 1.17441
0.657609 -0.75335 -0.00363865 129.461 0.753062 0.657207 0.0312599 79.1361 -0.0211583 -0.0232969 0.999505 1.19243
0.655101 -0.755541 -0.00103912 129.983 0.755046 0.654621 0.0371046 79.7508 -0.0273538 -0.0250918 0.999311 1.20352
0.651856 -0.758342 -0.00138053 130.494 0.757872 0.651386 0.0364208 80.3768 -0.0267201 -0.0247873 0.999336 1.18794
0.645985 -0.763326 -0.0061196 130.984 0.763178 0.645648 0.0264279 80.9819 -0.016222 -0.0217424 0.999632 1.18454
0.640553 -0.767851 -0.00984096 131.481 0.767889 0.640375 0.0163105 81.5972 -0.00622214 -0.0180045 0.999819 1.1916
0.635192 -0.77224 -0.0132823 132.021 0.772344 0.634998 0.0162043 82.2668 -0.00407936 -0.0205513 0.99978 1.16792
0.629687 -0.776692 -0.0156026 132.549 0.776806 0.629314 0.0231448 82.9231 -0.00815743 -0.0266941 0.99961 1.12332
0.623396 -0.781733 -0.0164441 133.041 0.781833 0.622911 0.0268147 83.5677 -0.0107187 -0.0295727 0.999505 1.11085
0.616118 -0.787401 -0.0199576 133.521 0.787599 0.615578 0.0274246 84.2065 -0.00930876 -0.0326154 0.999425 1.10366
0.602154 -0.798042 -0.0232253 134.537 0.798366 0.601717 0.0234061 85.5564 -0.00470398 -0.0326363 0.999456 1.13253
0.59569 -0.802861 -0.0238035 134.984 0.803154 0.595023 0.0298418 86.2157 -0.00979518 -0.0368944 0.999271 1.11418
0.5892 -0.807676 -0.0224294 135.465 0.80784 0.588336 0.0354378 86.889 -0.0154263 -0.0389993 0.99912 1.12059
0.582714 -0.812454 -0.019047 135.952 0.812413 0.581768 0.0391176 87.5566 -0.0207003 -0.0382684 0.999053 1.10909
0.577563 -0.816166 -0.0171585 136.428 0.815995 0.576571 0.0414484 88.2197 -0.0239357 -0.0379403 0.998993 1.09319
0.573449 -0.819076 -0.0164691 136.904 0.818881 0.572486 0.0411526 88.9039 -0.0242787 -0.0370852 0.999017 1.06593
0.570543 -0.820967 -0.022197 137.37 0.821072 0.56961 0.0372207 89.5935 -0.0179134 -0.0394614 0.999061 1.09766
0.567365 -0.822915 -0.0301267 137.828 0.8234 0.566476 0.0334243 90.2835 -0.0104393 -0.0437701 0.998987 1.08727
0.564682 -0.824573 -0.034842 138.29 0.825293 0.563912 0.0299026 90.9555 -0.00500906 -0.0456404 0.998945 1.08209
0.562218 -0.826138 -0.0375189 138.744 0.826972 0.561334 0.0319565 91.6318 -0.00533984 -0.0489936 0.998785 1.07652
0.560075 -0.827637 -0.0365189 139.195 0.828364 0.558873 0.0383962 92.333 -0.0113687 -0.0517557 0.998595 1.06299
0.557926 -0.829267 -0.032188 139.655 0.829588 0.556254 0.0486279 93.0277 -0.0224208 -0.0538336 0.998298 1.05428
0.554447 -0.831726 -0.0286491 140.12 0.831721 0.552597 0.0536342 93.7112 -0.0287775 -0.0535654 0.99815 1.04159
0.549642 -0.835095 -0.0226058 140.551 0.83512 0.548556 0.0407478 94.3581 -0.0216277 -0.0412752 0.998914 1.02789
0.543247 -0.839333 -0.0200753 140.985 0.839479 0.542674 0.0279064 95.0555 -0.0125284 -0.0320129 0.999409 1.06176
0.537435 -0.842864 -0.0272654 141.442 0.843238 0.536704 0.0299597 95.7773 -0.0106185 -0.0390926 0.999179 1.03511
0.530882 -0.84702 -0.026861 141.862 0.847293 0.529916 0.0358324 96.5083 -0.0161167 -0.0417819 0.998997 1.02499
0.524788 -0.85105 -0.0176236 142.322 0.850952 0.52397 0.0365581 97.2317 -0.0218785 -0.0341821 0.999176 1.02603
0.514347 -0.857566 0.00513066 143.183 0.857202 0.514289 0.0266702 98.6437 -0.0255101 -0.00931974 0.999631 1.00626
0.5089 -0.860759 0.0106763 143.599 0.860564 0.509012 0.0183153 99.3381 -0.0211995 -0.000132987 0.999775 1.00097
0.503665 -0.863823 0.0114364 144.017 0.863796 0.503765 0.00879568 100.035 -0.0133592 0.00544861 0.999896 0.995069
0.497919 -0.867184 0.00828966 144.441 0.867207 0.497946 0.00135209 100.739 -0.00530031 0.00651563 0.999965 0.991168
0.491871 -0.870667 -0.00153263 144.885 0.870642 0.491843 0.00855925 101.489 -0.00669844 -0.00554442 0.999962 0.984789
0.487368 -0.873139 -0.010045 145.319 0.873055 0.487049 0.0236469 102.284 -0.0157546 -0.0202946 0.99967 0.940067
0.483126 -0.875546 -0.00281086 145.712 0.875096 0.482769 0.0337908 103.033 -0.0282285 -0.018785 0.999425 0.941097
0.479185 -0.877706 0.00365939 146.098 0.877047 0.47898 0.0369688 103.784 -0.0342005 -0.0145054 0.99931 0.939732
0.476931 -0.878941 0.000340851 146.486 0.878453 0.476679 0.0331364 104.539 -0.0292874 -0.0155043 0.999451 0.913601
0.475726 -0.87954 -0.00973654 146.841 0.879473 0.475448 0.0218186 105.249 -0.0145611 -0.0189427 0.999715 0.905748
0.473805 -0.88052 -0.0139205 147.23 0.88061 0.473629 0.0142069 106.008 -0.00591626 -0.0189898 0.999802 0.96248
0.472651 -0.881146 -0.0135016 147.654 0.881234 0.472498 0.0130901 106.757 -0.00515484 -0.0180852 0.999823 0.967291
0.472177 -0.881418 -0.0123344 148.085 0.881451 0.471949 0.017566 107.519 -0.00966179 -0.0191665 0.99977 0.962758
0.472267 -0.881396 -0.0102963 148.49 0.881252 0.471874 0.027035 108.283 -0.0189699 -0.0218414 0.999581 0.9299
0.470873 -0.882201 0.000703661 148.854 0.881875 0.470721 0.0267992 109.04 -0.0239735 -0.0119985 0.999641 0.920995
0.468954 -0.883196 0.00687275 149.233 0.883012 0.468998 0.0182108 109.76 -0.019307 -0.0024713 0.999811 0.878948
0.467148 -0.884142 0.00812131 149.622 0.884158 0.46718 0.00255901 110.456 -0.00605665 0.00598509 0.999964 0.93175
0.465997 -0.884737 0.00936153 150.034 0.884785 0.465955 -0.00638326 111.212 0.00128545 0.0112575 0.999936 0.965638
0.465186 -0.885171 0.00860222 150.441 0.885207 0.465123 -0.0083562 111.976 0.00339558 0.0115019 0.999928 0.990532
0.464326 -0.88566 0.00266538 150.847 0.885655 0.464333 0.00312222 112.751 -0.00400285 0.000910877 0.999992 0.943815
0.462333 -0.886627 0.0118473 151.237 0.886601 0.462443 0.00924429 113.531 -0.0136749 0.00622989 0.999887 0.995872
0.460883 -0.887256 0.0190813 151.601 0.887328 0.461079 0.00736254 114.314 -0.0153304 0.0135381 0.999791 0.982177
0.460632 -0.887479 0.0140864 151.984 0.887539 0.46072 0.00357321 115.067 -0.00966103 0.0108563 0.999894 0.943648
0.460977 -0.887389 0.00641086 152.34 0.887391 0.461003 0.00350249 115.804 -0.0060635 0.00407437 0.999973 0.977872
0.461201 -0.887296 0.000789014 152.734 0.887278 0.461197 0.00592196 116.549 -0.00561842 -0.00203113 0.999982 0.978538
0.461193 -0.887297 -0.00212279 153.115 0.887268 0.461154 0.00961183 117.291 -0.00754961 -0.00631639 0.999951 0.974087
0.460391 -0.887707 -0.00407591 153.498 0.887638 0.460285 0.0153402 118.033 -0.0117415 -0.0106804 0.999874 0.976021
0.459446 -0.888202 -0.00248042 153.863 0.888089 0.459339 0.0174741 118.77 -0.0143812 -0.0102312 0.999844 0.98865
0.458539 -0.888674 0.000407068 154.218 0.888586 0.4585 0.0138919 119.52 -0.012532 -0.00600826 0.999903 0.991801
0.457926 -0.88899 -0.000411836 154.563 0.888971 0.457913 0.00682507 120.23 -0.00587883 -0.00349149 0.999977 1.0009
0.457238 -0.889333 -0.00457473 154.952 0.889334 0.457202 0.00716903 120.974 -0.00428407 -0.00734642 0.999964 1.02389
0.456057 -0.889904 -0.00909355 155.337 0.8899 0.455899 0.0152651 121.719 -0.00943874 -0.0150541 0.999842 0.954949
0.454155 -0.890918 -0.00288787 155.717 0.890711 0.453974 0.0232802 122.447 -0.0194298 -0.0131451 0.999725 0.959315
0.452786 -0.891576 0.00874333 156.07 0.891277 0.452862 0.0232451 123.14 -0.0246843 -0.00273233 0.999692 1.00221
0.452057 -0.891886 0.0135758 156.391 0.891758 0.452234 0.0158617 123.805 -0.0202862 0.00493591 0.999782 1.04184
0.452988 -0.891492 0.00662528 156.701 0.891412 0.453036 0.0119427 124.458 -0.0136483 0.000495949 0.999907 0.980144
0.453756 -0.891124 -0.00206628 157.016 0.891095 0.453719 0.00937437 125.096 -0.00741621 -0.00609493 0.999954 0.987026
0.454401 -0.890775 -0.00629364 157.328 0.890793 0.454367 0.00620054 125.721 -0.00266366 -0.00842387 0.999961 0.97478
0.456486 -0.889721 -0.00416078 157.635 0.88973 0.456481 0.00217069 126.33 -3.19928e-05 -0.00469287 0.999989 0.987463
0.460128 -0.887843 -0.00423517 157.936 0.887852 0.460128 0.000969183 126.939 0.00108824 -0.00420615 0.999991 1.00948
0.464745 -0.885437 -0.00368762 158.237 0.885443 0.464732 0.00392784 127.545 -0.0017641 -0.00509062 0.999986 1.01102
0.470838 -0.882217 -0.00202647 158.552 0.882145 0.470767 0.0140547 128.084 -0.0114453 -0.00840511 0.999899 1.00461
0.476423 -0.879216 -3.40064e-05 158.87 0.879031 0.476321 0.0205716 128.662 -0.0180707 -0.00983067 0.999788 1.01922
0.481623 -0.876374 -0.00286659 159.171 0.876202 0.481457 0.0216601 129.231 -0.0176022 -0.0129437 0.999761 1.00465
0.487281 -0.873232 -0.00480427 159.464 0.873165 0.487154 0.0162363 129.812 -0.0118376 -0.0121065 0.999857 1.01336
0.493806 -0.869517 -0.0098195 159.781 0.869571 0.493752 0.007436 130.41 -0.00161733 -0.0122107 0.999924 1.00816
0.500335 -0.865679 -0.0162472 160.113 0.865808 0.500372 0.00201662 131.008 0.00638391 -0.015076 0.999866 1.00569
0.506786 -0.861905 -0.0169666 160.469 0.862055 0.5068 0.00380856 131.577 0.00531608 -0.0165563 0.999849 1.04276
0.512581 -0.858521 -0.0142602 160.817 0.858637 0.512546 0.00624151 132.134 0.00195054 -0.0154436 0.999879 1.07425
0.518093 -0.855301 -0.00621831 161.171 0.855318 0.518048 0.00762074 132.68 -0.00329665 -0.00926688 0.999952 1.09388
0.523313 -0.85214 0.000628861 161.527 0.852105 0.523298 0.00871591 133.229 -0.00775626 -0.00402529 0.999962 1.09121
0.526739 -0.850027 1.73171e-05 161.861 0.849973 0.526707 0.0112049 133.76 -0.00953356 -0.00588733 0.999937 1.08506
0.527638 -0.849466 -0.00211564 162.187 0.849409 0.52757 0.0132046 134.291 -0.0101007 -0.00876427 0.999911 1.05815
0.526806 -0.849984 -0.00155392 162.54 0.8499 0.526727 0.0151174 134.874 -0.0120311 -0.00928464 0.999885 1.07257
0.525954 -0.850513 0.000978319 162.884 0.850396 0.5259 0.0160133 135.447 -0.014134 -0.00759031 0.999871 1.07492
0.526045 -0.850456 0.000778111 163.239 0.850313 0.525973 0.0179006 136.025 -0.015633 -0.00875489 0.999839 1.07566
0.526239 -0.850314 -0.00625996 163.59 0.850229 0.52604 0.0198046 136.595 -0.0135471 -0.0157444 0.999784 1.05356
0.525567 -0.850618 -0.0150958 163.915 0.85073 0.525342 0.0165526 137.155 -0.00614949 -0.0215419 0.999749 1.0198
0.5237 -0.851705 -0.0183814 164.236 0.8519 0.523636 0.00852827 137.688 0.0023616 -0.0201254 0.999795 1.01992
0.520242 -0.853876 -0.0156045 164.553 0.853979 0.520308 -0.000185554 138.223 0.00827758 -0.0132294 0.999878 1.07229
0.516432 -0.856202 -0.0147038 164.899 0.856322 0.516419 0.00501724 138.809 0.00329757 -0.0151823 0.999879 1.10164
0.512994 -0.858285 -0.0135357 165.227 0.858376 0.512823 0.014277 139.429 -0.00531232 -0.0189428 0.999806 1.10545
0.510069 -0.860117 -0.00539625 165.597 0.859949 0.50982 0.0238816 140.069 -0.0177898 -0.0168218 0.9997 1.10574
0.506638 -0.862147 0.00449313 165.975 0.861658 0.506514 0.0314547 140.69 -0.0293944 -0.0120646 0.999495 1.09577
0.502389 -0.864624 0.00559318 166.688 0.86409 0.502289 0.032462 141.916 -0.0308768 -0.0114755 0.999457 1.07063
0.500048 -0.865997 0.000192555 167.02 0.865721 0.499894 0.0251797 142.513 -0.0219018 -0.0124244 0.999683 1.05226
0.497474 -0.867479 0.000351993 167.361 0.867396 0.497432 0.0136308 143.102 -0.0119996 -0.00647566 0.999907 1.04177
